==========01
6.880248885
8.127947649
5.365057341
8.622852025
8.693417391
6.260680084
5.563660277
6.874939085
3.963423503
6.8888096
5.178359131
==========02
5.766190488
7.529860375
4.746602041
8.336561181
7.255572131
8.869819977
5.837364712
11.196589422
7.869333387
12.680376026
==========03
11.209346956
10.796151711
16.327452263
8.333010747
7.390639341
10.140971921
11.51817435
12.148304728
10.217050029
14.23867407
==========04
12.77445983
11.485392063
12.56367651
13.793404656
11.924849837
12.48089356
12.486049638
12.315465695
12.54086032
13.870326704
==========05
13.207683285
13.140917546
16.919379454
14.921853646
9.0164322
15.615393833
19.565134153
15.378977336
13.4012479
15.369039511
4.736673049
==========06
7.828996276
4.363063225
9.430140028
6.980016173
7.544678135
7.653371925
8.55549549
6.851693076
6.738207627
8.586489769
==========07
7.669180694
8.2158475
2.185907896
9.179873899
9.237558537
10.531086851
9.66913922
10.946847128
9.69733607
9.546679142
==========08
9.332480347
9.260836898
9.993687013
12.876020922
7.484911301
9.667169637
10.921653485
9.6643883
13.70354338
16.371608382
==========09
10.667872205
13.435419482
11.357968683
12.370007002
9.267778848
12.559674539
13.134199163
11.935126594
19.270945584
14.846385499
==========10
8.963309173
12.226779845
18.219223635
17.624381326
14.611680324
11.33950463
14.883762087
18.21212766
19.846440888
20.702552114