==========01
3.36689836
1.488309905
2.598308387
2.841157141
3.56145075
2.954024214
2.44723639
3.230850042
3.613226263
4.27177847
==========02
3.338335474
4.533101294
3.852423382
4.912548635
5.138074221
5.709071662
6.64035761
6.134454905
5.829411222
6.459356526
==========03
6.468986462
6.53048406
7.982203391
6.380767426
9.323617668
7.207048843
7.813542594
9.673881863
7.948092712
7.703361468
==========04
7.575463398
8.228496142
10.4430548
9.56006533
9.471068276
8.816399471
11.910013397
9.778236265
9.853714895
9.141104151
==========05
10.821046786
13.629992917
14.22747029
9.972158841
11.153452341
15.262035605
16.247501484
11.990647487
11.663706462
16.396053276
==========06
4.121354991
1.663439029
3.145089033
2.309678972
2.64230029
2.830996733
3.564486272
3.705402936
3.893919002
3.549236043
==========07
4.285090726
3.536769074
4.834648601
5.410390627
4.583289017
4.939336113
7.130230355
6.173575354
5.2923384
6.998789248
==========08
6.214603691
5.811449706
5.987149939
7.912491703
6.997890039
7.832580381
7.126234533
6.936355757
8.90509829
7.941330919
==========09
8.10207104
9.990537
8.49230995
8.682279934
9.580671503
11.214843544
8.824264308
9.584689527
13.777114995
10.771157461
==========10
11.340055487
11.137265296
15.128385937
13.498938645
11.455517516
11.506274457
10.922062064
16.64859472
15.821518042
15.788861744