==========01
8.978189854
6.441634708
8.715983105
10.3799832
6.220790679
4.629941133
6.706360115
4.22435097
4.997812408
4.292867779
==========02
6.372209414
7.647952334
6.81912362
8.110215092
7.198564637
7.650870748
5.705607043
10.979609209
6.927156031
12.111814789
==========03
11.711588183
11.28562635
15.279397099
9.35696728
12.253116777
10.164679057
12.329413575
10.779231137
11.575763123
9.839162108
==========04
12.803331254
11.480458806
11.950433528
12.498426537
16.43177254
13.378226461
12.567837737
11.805226112
12.745926724
14.258681273
==========05
12.299324213
13.905912291
16.900983767
11.831172481
14.396081604
15.930369902
15.429326217
15.696195573
13.41448181
20.302338612
==========06
8.889024662
4.720332333
9.645268258
7.424586438
8.488432986
6.695633358
5.250645547
8.886186202
6.584599455
5.19251182
==========07
6.868233941
8.813427404
9.469051449
5.675627331
9.56598053
9.777679274
5.905214023
10.511746051
9.135950014
9.45358133
==========08
8.542699709
9.522706843
10.21310867
12.686212072
6.834491264
9.802316981
11.528608323
8.401303719
12.80519771
16.5116326
==========09
9.959937904
13.887185918
11.482937879
12.355856883
9.261187586
12.710471607
12.929263379
12.274381101
19.509817637
8.81654376
==========10
13.904895915
11.943550317
13.457887196
13.403040355
14.668491297
16.32103828
14.296428787
14.81750615
14.765653498
21.307796028