==========01
3.257408421
2.123787889
2.619293139
2.80361583
3.336055683
2.835991081
2.913843078
3.150116435
3.398208509
3.84717225
==========02
3.69859611
4.527123081
3.629009109
4.891184739
5.112801967
5.500391501
6.37691686
5.921260624
5.583656872
6.286946968
==========03
6.798668183
6.470343723
8.48382427
6.266166271
6.505023621
7.488310155
7.738814164
9.861115353
7.851536114
7.558556302
==========04
11.197851059
8.321119529
7.815641958
8.800763179
10.669155057
8.25046108
8.24664125
9.170577254
11.203016396
9.436150811
==========05
10.168086431
14.710105424
11.851324283
10.728145958
11.202542347
15.933334738
13.53681535
11.522361982
11.230615335
10.893875901
==========06
4.126974905
1.981998123
3.15465331
3.438610104
3.563663256
2.231730745
3.43534485
3.314746289
3.996206603
3.380662123
==========07
3.600681186
3.780491493
4.811789011
4.443033109
4.562032073
5.54212846
7.140586488
6.30129705
5.347855415
7.550999587
==========08
6.221989576
6.154159672
5.857057769
7.905470364
6.3477013
7.6383154
7.817673142
7.300853902
8.35624959
7.683568211
==========09
8.86070617
8.332191732
10.783259491
8.301200315
8.455668792
11.318522665
9.215394905
9.562097747
14.781735059
9.945910128
==========10
12.305794776
10.2232996
15.493502086
14.70360385
13.969710331
10.215770838
11.618668646
16.9190984
16.259936
16.598718385