==========01
9.354990528
6.220996536
8.758061581
10.367750835
4.938107914
4.658652877
6.701447765
4.9445148
6.277191385
4.382607985
==========02
6.181495413
9.359747038
7.69493596
8.480315117
5.585059299
8.763381833
4.989417167
10.692297563
8.189494913
13.105609552
==========03
10.998779971
10.768300548
15.649527897
8.411744655
12.864966476
10.591225584
11.835091688
11.541415736
12.137920851
9.484641661
==========04
12.443286398
11.890100175
11.444311514
13.268206433
12.879405155
12.293731288
12.7709839
12.293510965
12.18501024
14.266591194
==========05
12.914133891
13.917698872
16.948655592
14.709717759
9.515819997
15.577819395
19.586169564
11.482758575
12.239697774
20.11533761
==========06
9.222522823
5.63482413
8.99065179
7.917703303
8.91489469
7.764817825
9.583421957
7.778217774
6.165804124
5.116271845
==========07
5.512125691
9.377141063
4.247951963
8.992862091
8.279584428
9.902902464
9.257552848
11.285286611
5.850107139
9.592225606
==========08
9.410267336
9.373849036
10.19403992
13.60358555
7.404539164
8.809200512
11.89923272
8.735538161
13.302859246
16.45718081
==========09
11.228148146
8.49775823
10.813701774
8.631554124
8.716153387
12.41076604
13.264879161
11.87369806
19.645927806
14.623443964
==========10
14.630841136
17.54392153
18.273928091
13.741695053
15.647905988
11.397791102
15.50423008
19.41342303
19.82338712
20.927993517