==========01
8.536772846
6.392909001
8.696733591
9.446948627
7.140921271
4.3586562
6.838358952
3.463821641
5.806062466
6.225487873
==========02
6.12352809
8.776998303
6.778095993
6.403661326
7.315645872
8.669590916
4.855103146
10.51908707
7.737578887
12.650003226
==========03
11.720818053
10.636960421
15.817180692
7.732163286
12.607286827
8.523448887
11.563588165
11.959994173
11.234287019
14.278462989
==========04
12.50582171
11.369230823
12.565364051
13.225854887
12.239450076
11.70480348
11.630073797
12.34017362
12.209405125
13.373018961
==========05
13.84825583
13.836789636
16.936466523
14.778889161
9.282494159
15.14962981
15.248801464
14.83957179
12.679379964
15.503380691
==========06
9.194292382
4.581555496
9.543649574
6.237793476
8.105478093
6.976210692
8.181818028
7.869991174
6.607406027
11.199110733
==========07
5.544657107
8.454899674
9.17172182
8.879700132
9.233576698
10.379310714
9.316522613
11.132605815
9.604430515
9.73900845
==========08
9.464761799
9.383548778
9.397833698
13.354916164
11.383880574
9.653024997
11.58965145
8.616478961
13.192849794
16.321890736
==========09
10.837357787
13.760223004
11.335616094
9.280906454
9.227132517
12.757851835
13.244924954
12.8186604
19.136685218
14.791319837
==========10
14.169352635
7.416211278
18.36716553
13.510283249
14.590463656
10.869753488
16.33186868
18.816462699
20.6750503
19.96003249