==========01
3.396754815
2.30057451
2.361177724
2.807301857
3.564864264
2.4749582
3.861882069
3.9987849
3.594734911
4.19239597
==========02
3.415236851
4.308979113
4.212549575
3.571478452
4.952649891
5.680959332
5.735061593
6.43912726
5.84531693
6.483721831
==========03
6.513366071
7.30981746
7.359833675
6.183631545
8.296956297
7.85076982
8.593936708
7.263115614
7.498160288
9.714932546
==========04
8.421119299
8.243710473
11.5345772
10.788578674
8.907770577
8.537194985
11.681828377
9.437485538
9.577480802
12.578566637
==========05
10.729874691
14.38052468
13.404614855
10.16629641
10.388266052
14.113901773
13.195403247
10.823793308
11.63989204
14.887135785
==========06
4.134582644
1.472715469
2.943062905
1.93907458
3.583682643
2.414238732
2.868864515
2.888680326
3.835075553
4.311522589
==========07
3.916005856
3.341825304
4.766359047
5.387720868
4.417819742
5.5921992
7.313562349
5.837488524
5.301915198
6.251056033
==========08
5.648054273
6.116102136
5.993187661
7.467949748
7.3525332
6.850464848
7.774979842
7.28428939
7.323442454
9.572235912
==========09
8.106646504
8.52337817
10.719850137
8.459516286
7.870742208
8.471326387
12.285056575
9.55671921
16.526915707
9.388720323
==========10
12.4390537
10.382656495
15.165158374
14.1063252
10.627750185
10.968037006
14.203799231
15.209393055
16.390587064
15.873788849