==========01
3.359574765
2.290722986
2.472811798
2.648355359
3.554053622
2.286794224
3.900147194
2.374372433
2.592274504
3.214261734
==========02
2.846034254
3.322740291
3.371811618
4.546817295
5.182225809
5.249532528
5.444075536
5.330322714
5.412576426
5.979845282
==========03
6.633629639
7.128934426
6.884891754
6.73157224
7.415784605
7.349556564
6.935078924
6.97709246
7.706800463
7.434990176
==========04
11.46049789
8.110319116
7.549023996
8.307771147
10.630065071
8.682030545
8.57559561
9.751603486
10.997417257
9.772838512
==========05
10.803003823
13.836212554
12.240692865
10.705003552
13.421825879
15.611664882
11.34598848
11.864785429
11.42771073
15.906193638
==========06
4.148629417
2.2519591
3.162512641
3.479498774
3.624918754
2.744622417
3.448683813
3.463509477
3.74834528
3.955152571
==========07
4.401846452
3.926594214
4.820854905
4.182540527
4.606702149
5.20710653
5.345363477
6.311035711
5.115746616
7.268599041
==========08
6.204643514
5.97430611
6.396592
7.897507149
6.28293739
7.732729832
7.406583207
7.376774537
8.30587357
8.96372484
==========09
7.930991834
9.183399229
10.894772011
8.718105298
8.867163024
11.422090237
11.644661342
9.565672604
15.57060516
9.788573606
==========10
11.988530787
11.861304263
10.615607871
11.141305052
11.475534063
12.316846852
14.182164689
10.743337782
11.454636706
11.4410051