==========01
1.234128398
1.250226813
2.61431138
1.60697384
3.572466062
2.925707339
3.605321602
2.877236049
3.626741044
4.11914483
==========02
3.454372532
3.63708205
4.128309054
4.940609428
5.149023313
5.58475449
6.14319724
5.550845489
5.692745191
6.110165716
==========03
6.25150839
7.593896179
7.165908439
6.372999068
6.943702633
7.464214512
8.700585143
6.716160535
7.980430191
9.61615308
==========04
8.10464148
7.791090942
11.98715075
8.591410109
9.115144557
10.75982162
8.759051836
9.819221265
9.796324844
12.639534516
==========05
10.816048163
13.892351276
12.547086266
10.562874382
10.798506606
15.148100022
16.27038021
11.110233361
11.490043774
11.30946524
==========06
1.400078727
1.203834703
3.44480234
3.458976846
3.500850462
2.934318716
2.613129655
3.103013298
3.976463116
3.819015776
==========07
4.485064265
3.97130187
3.532556122
5.39139722
4.599140925
5.481148392
7.367732181
6.270514918
5.323603311
7.327951015
==========08
6.2565322
6.138461305
5.808245999
7.817840603
6.608928831
7.197411181
8.579743221
7.363265128
7.131202191
9.516432211
==========09
7.746676529
8.119475617
10.696506226
8.696411464
8.11313146
8.133380388
12.2164582
9.420630503
16.771931794
9.969358303
==========10
11.646786058
10.828759747
14.419894775
14.275073941
10.356711893
10.545167911
11.373125875
15.670238115
16.44208334
11.479593027