==========01
8.943963918
6.581323193
8.87378998
10.306424368
5.713863582
4.619601498
6.656064467
3.908503002
5.277475441
6.429691471
==========02
5.488247982
8.983190969
6.549735771
8.69441128
4.978451361
8.678528917
9.840215072
11.410119495
7.625902028
13.580832265
==========03
11.617580021
10.49507302
16.24461532
7.967138437
12.629053635
10.51803973
11.84922758
11.406712238
13.8434972
9.78114131
==========04
12.423566193
12.34718283
12.135145985
13.606001516
11.686527496
13.233188247
12.322057866
12.393260469
12.633408586
14.131365833
==========05
13.32047728
13.225384408
16.419619814
13.189154991
11.535346901
15.585716396
14.844761428
16.637162442
16.595168088
15.17625421
==========06
8.415969627
5.458892949
9.413332467
7.437199883
8.156908672
6.222782622
8.597390182
8.5079606
6.930907734
4.7496404
==========07
8.88028326
9.665489982
4.574572798
8.861046937
9.628208815
9.554707297
9.592282067
10.96452744
8.845268264
9.377164075
==========08
9.520489405
9.643929977
10.56635879
12.327257589
7.368272
9.817155519
11.53518975
8.366935654
13.319287295
16.551248611
==========09
9.622286854
13.516812222
12.124883101
13.3523603
9.236208761
12.543855413
13.470076012
11.985230055
19.530956052
15.50107619
==========10
14.223457841
16.6422116
18.360459335
13.553205397
15.761604307
15.69538375
15.34755165
18.878604778
20.94677993
20.795094345