==========01
3.390522441
2.321889783
2.531248111
2.860139776
2.51426085
2.27820612
3.873502594
2.656764336
3.621984514
2.956555718
==========02
3.51188658
4.497387063
4.288008909
4.847655246
3.765681953
5.726077569
5.225531283
5.720312877
5.841045597
5.822186445
==========03
6.530878029
6.753310337
8.77548721
6.368652092
8.961346969
6.853017842
6.561821807
9.487013387
7.970901758
7.852240893
==========04
10.994490729
8.2705629
8.399959556
11.499266221
8.552403967
8.791724497
12.112877909
9.561690305
9.79269531
12.820293616
==========05
10.612365457
13.868528344
12.931559915
10.35235463
11.48940369
14.980216024
15.772931678
11.949644347
11.677757526
15.395469113
==========06
4.35047722
2.108340568
2.741541947
3.508139728
3.47124843
2.874056099
3.371492764
2.563446839
3.9889489
3.932966332
==========07
3.134245401
3.985875048
4.758374959
5.63438607
4.243407463
5.547999615
7.434999681
6.320119197
4.12773758
7.405085011
==========08
6.167534364
6.25374002
5.678707986
7.917850898
6.906487403
6.627091978
6.771011232
7.424432864
7.10282162
9.282908266
==========09
7.528751124
7.603399342
10.427713143
8.73276998
8.745879574
11.478504548
10.310434489
9.142878399
14.309545597
9.975643977
==========10
10.796451161
12.228801583
11.507485622
9.829413499
11.378708188
11.525432313
13.67478088
16.277197672
16.30048876
11.740107228