==========01
11.905550507
6.963334716
6.539127848
5.643370108
5.568270538
5.928074656
5.359526124
5.334768934
6.318056096
5.248547357
==========02
10.823200888
10.471960789
11.996179554
10.132760623
4.853898139
10.245525237
3.97480359
11.143294801
6.355798941
12.227897897
==========03
14.277044358
10.510507886
11.938573993
5.916041386
7.87542937
12.976588625
7.214736458
12.978972903
13.318831758
8.392236076
==========04
7.585820279
7.795886864
7.952160005
8.76502677
12.363537499
14.414712684
14.523786935
4.482389544
5.701370295
8.952928728
==========05
8.68143391
15.437623994
15.379298566
16.217280142
18.610867728
5.945927197
8.535112036
10.810794423
15.328062324
16.10934878
==========06
==========06
9.50648002
4.410539253
10.567605277
6.252145388
7.757523561
9.314603034
9.869001113
5.35342962
4.889350897
==========07
12.695863238
==========07
9.585884615
6.956603195
7.369843454
4.1885182
8.342115253
6.939845779
9.809738322
10.50062626
5.45600772
5.705521784
==========08
3.360155689
11.872449733
11.648262293
7.727987018
6.992198476
4.701264542
12.896937622
4.614537941
12.776715104
8.283103245
==========09
16.779648223
7.996361874
10.1489464
8.971207318
15.27097047
13.774154765
8.64316312
5.259962922
4.460097889
14.726492823
==========10
8.814951307
9.47876053
9.467582789
6.43143882
5.902662233
14.6223992
10.520121111
15.996831859
15.683855602
15.808068091