==========01
11.960954073
6.917711078
6.768748862
6.550903119
5.642519405
6.220690619
5.715236123
5.224017864
6.37315667
5.349782878
==========02
11.184761191
10.495409944
11.760527698
10.826539963
4.86966151
11.949461371
4.587978132
9.834215305
4.60927332
12.375206203
==========03
4.571784123
10.778675012
13.262386988
6.93256191
7.556217757
13.551504273
7.29769176
13.46310664
13.34047607
7.872207336
==========04
7.537541301
7.473956506
8.177491955
8.256288787
13.459669819
14.636544143
13.737979767
15.111335152
6.124750153
8.664605522
==========05
8.735856077
16.9359482
15.117978892
16.291117925
18.660367251
16.914407982
8.435701228
10.284384411
16.183222524
15.998315028
==========06
==========06
9.76887508
4.440995792
10.525211692
6.212423905
7.774329537
10.352289056
9.550387004
5.585539451
4.658191237
==========07
12.75268191
==========07
9.606464221
6.963662975
7.783968203
5.335499093
7.533562389
7.0218511
12.53288669
9.442437249
6.477697523
5.403433127
==========08
4.723791719
11.585461513
11.541015366
6.805499307
7.281616159
5.210271037
13.192338095
4.919824708
13.190430053
8.326908163
==========09
16.580541508
7.730946892
9.818374218
8.962193302
14.996120635
14.610481093
8.60938433
6.223484671
4.369336985
15.89056904
==========10
8.480999873
9.249741227
9.238083679
16.909843396
6.304755594
14.460017722
10.236828164
16.277208454
15.664265132
15.662061437