==========01
12.21708623
7.3747968
6.46124461
3.112958327
5.391566558
6.236694965
5.650556734
5.25356264
6.424884126
5.36067846
==========02
11.246796257
10.715525961
11.654671669
10.124799833
4.633866578
11.545699174
2.797669066
9.676555232
5.200980223
11.92723744
==========03
4.261019412
10.960383861
13.82802878
5.773813591
7.353980692
13.381748595
7.473590522
13.408877354
13.385617233
8.814791875
==========04
7.157920167
7.777126457
8.161253237
8.532965477
13.371308627
14.941650245
14.465927714
15.582076565
5.35146058
8.976344479
==========05
8.54441789
15.815542549
15.314463168
16.251440801
9.251671154
16.538055557
8.227710657
10.762204068
16.96427841
16.141589059
==========06
==========06
9.826115832
4.639978851
10.594579788
6.443161687
7.77461039
10.232615242
10.175518779
5.703651864
5.121972424
==========07
12.708250933
==========07
10.620941575
6.705800162
7.804853618
4.897312269
8.638720761
7.50344584
11.302936736
10.399907351
6.450073573
5.44334189
==========08
4.503111432
12.59452531
10.125847203
7.631481511
7.51558825
4.83770106
13.30562635
4.966019396
13.310020757
8.834467923
==========09
16.668419719
8.98983069
10.296305357
8.942045973
14.897811034
14.601194109
7.750460831
6.256973147
4.643695173
15.11898266
==========10
8.818913522
9.515228191
9.779054768
6.473861558
6.391858518
14.66110655
10.687634929
16.52857679
15.948646889
15.843744025