==========01
1.616604867
1.930041999
1.984711308
2.3352467
2.122257967
2.378066536
2.72664699
2.491117919
2.132546497
1.841253934
==========02
1.720335504
2.154987592
2.81223151
2.793182483
2.614249268
3.627939488
3.366447842
2.691920667
2.74388742
3.632318144
==========03
4.539449438
3.719634356
3.764154428
3.756891941
3.598606173
5.11941372
4.25853592
5.129013262
4.715348431
5.749170448
==========04
4.887757848
5.415006149
4.723741498
5.803964056
5.599314968
5.778167394
5.292827045
6.582533008
5.673622859
6.939247435
==========05
5.384397288
5.224290357
6.260625158
5.876933932
7.770778183
5.712685821
6.76598665
6.233247181
6.335759661
8.772526376
==========06
==========06
2.794231938
1.97392521
1.831974877
2.202442234
2.131559783
2.30263636
1.471460138
1.79695177
1.786884172
1.87522997
==========07
==========07
2.74616892
1.90316478
2.558442789
2.658266942
2.589360103
2.6900535
3.743820158
2.509084875
3.403643512
3.801191513
==========08
3.525970455
3.893078266
3.414394414
4.272976459
4.266890183
4.1956709
4.387381884
3.922567275
4.354131591
4.285469788
==========09
4.414216049
5.448152456
4.98506809
4.382584165
4.599645386
4.638114688
4.809995754
4.897274817
5.445830368
4.953755221
==========10
5.501196673
6.936841492
5.530869299
6.792649835
5.265474083
6.246079387
8.258318273
5.823380434
7.767586496
6.285130852