==========01
11.36640243
6.428402071
12.804881445
2.843799769
4.404733981
4.406203891
3.688114547
4.502078697
7.18846425
12.301770311
==========02
11.85953107
6.164626568
7.42128972
8.439431427
1.803036547
6.647827698
12.754676285
2.372883988
6.653348848
13.184833431
==========03
5.617506019
10.590022365
5.992733543
6.149472904
8.351668154
2.771886068
5.709378215
12.780806982
8.269145301
7.385165202
==========04
5.55686703
6.841214884
9.33900892
4.391152866
6.28255429
12.685342168
2.766673423
5.379024318
2.714905912
8.464887175
==========05
7.241521727
4.349431522
12.461914131
5.468010872
7.46552338
8.386292703
7.407451866
6.908583775
7.527500173
6.71330178
6.793283709
==========06
6.72561606
7.56093086
1.989080636
12.889181726
3.216210646
4.886380906
12.285777218
7.751012615
13.172124788
3.651224625
==========07
5.757188932
7.141863048
2.553934959
5.890720573
8.291145614
2.831386758
7.36059021
3.300307827
6.676259843
6.856728217
13.64326707
==========08
13.802219764
4.647115012
6.260320252
2.938109204
8.661372158
7.590761444
3.204430354
9.324636618
9.325378812
2.921838671
==========09
13.357857129
6.2994606
4.792110969
7.462027002
3.190502218
6.429026331
11.265053695
7.70764379
7.288309867
8.270321693
==========10
10.434911648
7.322368906
6.846769009
7.999434025
7.381856471
7.142281244
6.959580519
7.47513439
4.611185205
7.812735401