==========01
11.331867808
6.818277073
12.820637095
2.472753596
4.144330129
4.149020992
3.832644031
4.193033096
7.616420213
12.348203985
==========02
11.734370514
6.324543084
7.52932885
8.491238011
2.171332697
7.197301171
12.867959952
1.914933793
7.235547423
13.43900132
==========03
5.927688935
10.683786749
6.1191971
6.273513653
8.260409471
2.473716525
6.247425447
12.876927911
8.767704275
7.478315794
==========04
5.182650527
6.265870235
9.465351266
3.086421
6.826353127
12.725410497
2.281388035
5.988047219
2.441078676
8.396981746
==========05
6.779840263
4.890330129
12.418936383
5.614086349
7.94502227
8.506516568
7.709386038
7.127921528
7.443090532
6.711042183
6.722431235
==========06
6.623062719
6.93369637
1.87333085
12.94679093
2.746992285
5.47747283
12.371426496
7.913093912
13.146852057
3.188977479
==========07
5.813764939
6.147300754
3.8869136
6.164404257
8.445279937
3.753066404
7.989611957
3.254609084
6.325618038
7.566303072
13.737796393
==========08
13.69099841
3.492172953
6.836402727
2.829370791
8.601326399
7.61524265
3.563381088
9.353577897
9.354738943
2.585820725
==========09
13.279643494
6.51908636
4.867568163
7.675991529
2.828163411
7.0760252
11.334859721
7.158778463
7.303032058
8.311055694
==========10
10.28363408
7.396749166
6.922009359
8.55466857
7.526795513
7.331108352
7.47443085
7.661168708
4.688764842
7.858677613