====01
268.027571
328.996562
299.224797
374.778872
272.863097
250.494288
320.680788
285.425913
241.411706
301.789821
====02
265.360936
247.822934
274.109993
225.523551
229.671442
256.185577
248.466695
275.43694
305.10541
348.02382
====03
245.9453
227.500967
255.926211
247.260115
240.461457
255.575369
263.982829
394.752443
252.269872
278.015966
====04
271.961558
274.219863
269.683771
233.025385
240.268042
255.761409
238.514402
265.811904
230.968619
248.181715
====05
259.743504
244.331169
239.847489
243.519941
230.432145
253.068288
253.407973
229.960044
254.046449
236.298144
====06
227.706833
236.107599
254.482047
233.248777
238.694141
236.958004
250.405045
252.627998
398.702976
258.038107
====07
317.753149
250.899127
232.539131
251.609511
246.422553
223.821477
246.736592
226.292241
229.472635
217.040684
====08
242.508178
259.573515
253.660107
267.103201
322.640734
243.560134
240.808608
234.500357
238.167892
232.067274
====09
324.363809
247.386758
240.467183
345.06946
239.997499
261.086638
234.832143
248.552627
237.06066
231.259206
====10
259.315291
244.343221
253.647986
246.556965
240.319448
246.247458
256.592512
324.402142
237.023862
241.976828