===================
Multiple node.- Register only
Inspect from Node 1|2|3|4|5
4.835271769 | 4.723228707 | 4.723228123 | 4.55261242 | 4.777611478
4.137355164 | 3.906094776 | 4.132442442 | 4.68013648 | 4.7994503
4.950995111 | 4.917722111 | 4.721835879 | 4.93268262 | 4.940529468
3.171225507 | 3.133963022 | 2.896517099 | 3.144657275 | 3.179859135
8.663145726 | 8.608896332 | 8.613016957 | 8.604126992 | 8.427659294
8.629442641 | 8.587927851 | 8.57000775 | 8.602874784 | 8.289536073
4.262815076 | 4.135802 | 4.209540538 | 3.844347754 | 4.311289222
8.207255291 | 8.145319711 | 8.146171099 | 7.780452092 | 8.12603883
9.434955637 | 9.380784774 | 9.392049922 | 9.22526698 | 9.429445991
11.823521704 | 11.774605837 | 11.776908863 | 11.480639972 | 11.808406476
===================
Multiple node.- Register and Query
Inspect from Node 1|2|3|4|5
--
8.111351991 | 8.80859601 | 7.898483857 | 7.675880397 | 7.847488412
2.4799432 | 2.456734363 | 2.542053206 | 2.330910955 | 2.425046731
--
6.338687055 | 6.307699366 | 6.328469126 | 6.252505613 | 5.34505588
1.388799131 | 1.687003444 | 1.553547299 | 1.588280705 | 0.811167492
--
8.1435501 | 7.985319506 | 8.9093756 | 7.976681991 | 7.755977733
1.623301175 | 1.853278365 | 1.717495072 | 1.757171763 | 1.862412408
--
8.682435336 | 8.552957776 | 8.781339362 | 8.660018465 | 8.621795853
1.937494235 | 2.253016535 | 2.170248119 | 2.76351409 | 2.29868108
--
4.263879919 | 4.165534014 | 4.507349156 | 4.434288518 | 4.446635977
2.345148194 | 2.519084969 | 2.146871877 | 2.61295538 | 2.637106366
--
9.463299381 | 9.457082995 | 9.498835322 | 9.476542967 | 9.19904616
2.89857436 | 2.416431675 | 2.24092279 | 2.401862706 | 2.304989237
--
5.602840177 | 5.859897573 | 5.256276116 | 5.536655051 | 5.560509785
2.466732418 | 2.778909172 | 2.619821517 | 2.701466852 | 2.770846443
--
5.723614373 | 6.361830471 | 4.691135469 | 4.806372076 | 6.47626727
2.735687013 | 2.749820773 | 1.836529549 | 2.81906161 | 2.596743908
--
7.101308 | 7.666258159 | 7.6764627 | 6.961463609 | 7.395486107
1.624883236 | 2.52859171 | 2.404152229 | 1.889888208 | 2.549541742
--
12.27014397 | 10.784421898 | 11.656865949 | 10.846540096 | 10.552375281
2.47323054 | 2.259282352 | 2.455241077 | 2.121911503 | 1.844039633


Performance comparison on Document Query 
(One Transaction from Single Node Entering the Blockchain Inspected from 1st Node)
