===================
Multiple node.- Register only
Inspect from Node 1|2|3|4|5|6
6.960033297 | 6.862853503 | 6.921321062 | 6.883796142 | 7.8559195 | 6.571948803
7.681479031 | 7.659363451 | 7.591560303 | 7.620087476 | 7.438780841 | 7.671918237
5.627087292 | 5.55374808 | 5.273933 | 5.536715181 | 5.650477782 | 5.555901535
5.121377477 | 5.84844154 | 5.96251945 | 4.700887398 | 5.123294634 | 5.40549341
9.849792871 | 9.820709466 | 9.784353403 | 9.662225559 | 9.470940426 | 9.782385827
5.153644811 | 5.126424713 | 5.18842081 | 5.54795746 | 5.140069557 | 4.531021477
6.453151938 | 6.458942535 | 6.414652925 | 6.66283871 | 6.474374401 | 6.392374517
8.36517603 | 8.13784571 | 7.973309077 | 7.53681739 | 8.41342413 | 7.972436313
6.624154771 | 6.569072097 | 6.195771869 | 6.523085793 | 6.643697497 | 6.579898677
3.84980385 | 3.786574516 | 3.740399414 | 3.753918281 | 3.774804523 | 3.333103657

===================
Multiple node.- Register and Query
Inspect from Node 1|2|3|4|5|6
--
6.422955657 | 7.215728436 | 6.34509231 | 6.427149712 | 6.492706531 | 6.518546393
2.868113422 | 2.921128762 | 2.32361901 | 2.82064569 | 2.415108738 | 2.244538321
--
9.30662581 | 8.983585106 | 8.956474822 | 8.95978149 | 8.977757173 | 8.637289631
2.331941391 | 3.228962265 | 2.590063436 | 3.21148927 | 2.758305462 | 2.955538396
--
7.981637623 | 7.985710486 | 8.60200984 | 8.59272204 | 7.637859023 | 7.96434362
3.149042114 | 3.130863861 | 2.835808691 | 2.66712008 | 2.236541085 | 3.92896056 
--
7.79140522 | 7.831988135 | 7.932755135 | 8.144003494 | 8.188168658 | 7.933241837
3.79270694 | 3.145668707 | 2.906793459 | 3.604230573 | 3.894289215 | 3.928892893
--
6.909696898 | 7.739397475 | 7.675723996 | 7.718199076 | 8.36480799 | 7.67674702
3.588806048 | 2.907058254 | 3.1025637 | 2.68540175 | 3.551420877 | 3.513644347
--
4.16780519 | 4.22028594 | 4.69660205 | 4.4060926 | 4.19173252 | 8.498716034
3.352430988 | 2.589599657 | 3.532035096 | 3.509498827 | 3.502916771 | 3.52118082
--
5.204597827 | 6.132586544 | 5.236199884 | 5.322920839 | 5.283433591 | 4.907598506
3.763160443 | 3.749070825 | 3.756134815 | 3.508045833 | 2.825654532 | 3.31477612
--
6.90144335 | 6.917836441 | 7.764024253 | 6.590099841 | 6.780811719 | 5.886846248
1.980355107 | 3.331735518 | 3.338562104 | 3.121178328 | 3.317753583 | 2.266537107
--
9.367880967 | 9.282816271 | 9.328630537 | 9.404157979 | 10.158796794 | 9.228668208
2.23919094 | 2.240420441 | 2.61751912 | 2.418693708 | 2.722913388 | 2.644273089
--
7.417610513 | 7.537281422 | 7.486695152 | 7.785786197 | 8.852892792 | 7.324037708
2.31933753 | 1.942937132 | 2.17359685 | 2.643485977 | 2.821720272 | 2.528451023

