Single node - Register
Inspect from Node 7
5.172237333
6.501059963
5.362446847
5.423035665
6.738033724
2.473117269
2.492358572
2.593630041
4.308361051
4.670067932

===================
Multiple node.- Register only
Inspect from Node 1|2|3|4|5|6|7
7.32992193 | 7.27878529 | 6.939785979 | 6.948456506 | 6.577120562 | 6.922785517 | 6.87558171
8.128529925 | 8.162593979 | 7.752732957 | 8.80882346 | 8.683805 | 8.5013979 | 8.20769029
4.684247115 | 5.56750571 | 5.620537858 | 5.624940911 | 5.594799516 | 5.525177104 | 5.447200374
7.178438682 | 6.66577037 | 7.76224725 | 7.85334512 | 7.126132436 | 6.922529656 | 6.95046676
6.279717 | 6.55824444 | 5.946672568 | 5.982728459 | 5.980705089 | 5.940869648 | 5.267642728
8.661576128 | 8.547914865 | 8.538618141 | 8.36487056 | 8.505723831 | 8.456592869 | 8.448610187
3.238249515 | 3.104314775 | 8.604820678 | 8.571049319 | 8.524720329 | 8.92282215 | 8.432201259
5.589051315 | 4.618740161 | 4.543352326 | 4.239948187 | 4.352945175 | 4.70601598 | 4.202294421
5.563340155 | 5.555193593 | 5.391081907 | 4.926892092 | 5.471024164 | 5.34265014 | 5.37156409
7.703480645 | 7.720784162 | 7.84724266 | 7.660627111 | 7.655998904 | 7.602402501 | 7.503950438

===================
Multiple node.- Register and Query
Inspect from Node 1|2|3|4|5|6|7
--
4.14901042 | 5.747409177 | 5.428722096 | 5.494191423 | 4.51481223 | 5.509928563 | 4.768291066
1.240708977 | 2.18663798 | 2.58906496 | 2.70526124 | 1.539119931 | 2.132309033 | 1.695530729
--
6.721302407 | 7.74309426 | 6.522402479 | 6.23865656 | 7.15771469 | 6.487313096 | 6.881635167
3.20059287 | 3.555696578 | 2.854286525 | 3.481259982 | 3.4027594 | 3.410152246 | 3.559551766
--
5.137700414 | 4.17187136 | 4.552367742 | 5.50324226 | 5.47369995 | 4.969887346 | 5.81356096
3.121002188 | 2.40275073 | 2.904561839 | 3.408863455 | 3.166393996 | 3.663779303 | 3.288221861
--
4.862048946 | 3.385542027 | 4.846758021 | 4.404723865 | 5.333684905 | 4.649287572 | 5.53946905
1.870272248 | 2.137675263 | 2.567405861 | 2.29788107 | 2.664684784 | 2.692812821 | 2.741355072
--
3.801157826 | 5.592657245 | 5.244239307 | 4.318770434 | 5.311861299 | 5.362035586 | 5.30095157
2.347267106 | 3.285470702 | 3.591749686 | 2.651508289 | 3.588174006 | 3.598030421 | 3.604923592
--
5.130148168 | 4.165721902 | 5.76822151 | 4.208725384 | 4.485992052 | 4.211323615 | 4.208972164
3.241432564 | 2.424746585 | 3.205922895 | 2.666189427 | 3.199467542 | 2.846046951 | 3.86286864
--
8.167797 | 9.256804062 | 9.367058281 | 3.588699187 | 8.964394403 | 8.56623201 | 8.603316373
3.408615154 | 2.857012516 | 3.58132014 | 2.425981698 | 3.535858142 | 4.23579359 | 3.731423479
--
7.309893146 | 5.872183415 | 5.335795448 | 7.891588503 | 6.637766138 | 6.2261001 | 7.254873516
4.402797403 | 4.957557602 | 5.888730392 | 4.848531408 | 4.10303138 | 5.771744653 | 5.286283294
--
7.55048913 | 8.187013592 | 8.296386963 | 5.679167661 | 7.10385846 | 6.818406168 | 8.174128261
4.670553621 | 2.53895113 | 1.749764948 | 4.166393405 | 3.209071006 | 3.460883906 | 2.274368042
--
5.543951661 | 5.511655711 | 5.720250259 | 6.686723169 | 6.522166934 | 5.512137071 | 5.363365452
2.887464482 | 3.131052975 | 3.823901369 | 3.631443722 | 3.67220627 | 3.336140486 | 3.559529512
