27120.430895,27605.643752,28223.812573,28628.486531,29036.468752,29441.867867,29848.581179,30304.432531,30711.922421,31117.055532,31522.043037,31931.079425,,
27193.015457,27839.579222,28341.864097,28745.614286,29150.498703,29557.42601,29960.258038,30384.967326,30790.10565,31194.990114,31600.028013,32003.494147,,
27216.192069,28025.083639,28308.21564,28719.604093,29118.852192,29523.953275,29929.349139,30333.633746,30737.865945,31142.340165,31547.587189,31952.468937999998,,
27249.211534,28179.853524,28341.614745,28746.653929,29151.989613,29556.303728,29962.664015,30375.129375,30779.248032,31185.244883,31597.422505,32005.039637,,
27285.067393,28376.837076,28793.1378,29197.989875,29613.296071,30017.97863,30423.296887,30828.408171,31233.490499,31637.252731,32041.470515,,
27270.695139,28364.795421,28769.627927,29173.225286,29578.950842,29983.836608,30419.310198,30831.484489,31237.09408,31645.010885,32067.808124,,
27438.213833,28569.755666,28974.880628,29378.977279,29786.09167,30189.780383,30604.738633,31009.39817,31414.107731,31818.83302,32223.806478,,
27291.983369,28433.959779,28839.690852,29244.274954,29648.007855,30052.334795,30497.745888,30902.06622,31307.189309,31712.324586,32115.75671,,
27356.507076,28450.16988,28854.258677,29258.380307,29667.405524,30071.522944,30496.883626,30904.732295,31312.752642,31717.268006,32124.118719,,
27376.026164,28478.286985,28883.34819,29288.758703,29693.127191,30116.17308,30523.754294,30929.920656,31334.249269,31751.458374,32157.281914,,
