27136.803464,27628.541815,28291.008756,28705.908383,29110.982533,29516.30643,29924.79656,30354.27349,30755.940905,31160.00675,31564.683026,31970.234924,
27155.525095,27812.299271,28256.679562,28661.581431,29073.599255,29471.76397,29881.217251000002,30293.319657,30697.692151,31102.573027,31508.04799,31918.716438,
27185.731127,27995.334284,28278.309673,28694.376871,29098.726397,29502.855492,29908.044544,30319.726121,30724.005949,31129.435354,31539.621892,31957.876463,
27273.660034,28502.473942,28664.537092,29068.605217,29473.256353,29880.886516,30289.958018,30711.127697,31115.735997,31519.473687,31926.017188,32328.539643,
27287.064396,28380.912576,28785.482096,29198.450873,29617.54696,30021.682983,30447.531263,30852.452316,31256.052228,31665.080048,32068.757515,
27237.20271,28359.839872,28765.763256,29180.587256,29585.777684,29990.838127,30416.195847,30821.536835,31232.56417,31636.984004,32041.681043,
27466.158822,28559.150419,28964.51426,29368.263444,29779.386457,30181.79876,30585.986554,30992.440415,31395.729217,31804.311515,32205.960791,
27369.669947,28461.285463,28866.921752,29272.190678,29676.979389,30081.164748,30486.031343,30890.519457,31295.103019,31704.329926,32107.791724,
27497.148757,28588.590561,29036.380155,29439.333876,29843.425174,30249.051671,30674.465162,31079.780114,31484.114848,31892.255875,32296.544234,
27503.339429,28596.505924,29000.966095,29405.587967,29820.646268,30247.44786,30650.671744,31056.465517,31459.607072,31868.229425,32273.594102,
