26975.386818,27461.072346,28068.439983,28473.186021,28877.324085,29290.039135,29696.085021,30152.1858,30559.941311,30963.477836,31368.670774,31785.894126,,
27120.171496,27769.112749,28213.56337,28618.017703,29022.492906,29432.713629,29836.46481,30312.496465,30717.02187,31123.584609,31527.625606,31932.601672,,
27120.696364,27932.573503,28215.855284,28619.972908,29025.83987,29430.255011,29834.314897,30239.653792,30664.690301,31069.47336,31474.066303,31878.603503,,
27310.384632,28239.911842,28401.645417,28805.220926,29209.804368,29615.101565,30023.149335,30445.425558,30849.516133,31284.863066,31694.026905,32094.207074,,
27204.392533,28310.959407,28715.018871,29125.12058,29540.096274,29944.688238,30369.480266,30773.488232,31179.088275,31593.719651,31998.300649,,
27725.016866,28837.047228,29250.944627,29657.387879,30064.031939,30477.38827,30908.950613,31314.032732,31721.689662,32130.508287,32534.924527,,
27470.103756,28603.902158,29007.901993,29412.619133,29828.238927,30232.919752,30647.911645,31067.751245,31472.174592,31880.940982,32285.008119,,
27549.122016,28643.432468,29048.712854,29453.607276,29857.761958,30264.026079,30689.856247,31095.346362,31500.105396,31905.426613,32322.196403,,
27511.455545,28615.424643,29034.529024,29442.364969,29848.070618,30253.696356,30678.881432,31083.554373,31488.517445,31896.185669,32301.413197,,
27725.469838,28839.841956,29245.55244,29649.487289,30054.484927,30476.052925,30886.679535,31291.361874,31696.647466,32101.955508,32505.706442,,
