27248.78076,27733.984135,28356.256543,28801.236122,29206.615322,29610.807714,30018.530235,30434.528506,30838.573733,31243.428794,31650.212975,32052.868583,,
27037.54427,27684.760743,28129.929619,28534.742981,28938.856892,29353.302006,29764.098307,30171.249927,30574.686008,30978.454139,31383.593681,31788.048384,,
27142.93577,27954.900111,28243.968951,28651.139482,29060.716479,29469.943138,29880.582388,30307.009844,30711.884218,31116.596886,31521.780014,31934.150547,,
27887.001522,28859.732067,29020.078176,29425.408109,29829.938449,30244.952832,30658.273804,31072.457362,31479.893895,31888.276843,32301.018528,32710.519343,,
27496.15423,28646.048188,29055.329537,29459.426618,29867.806636,30271.688341,30676.70823,31081.275926,31486.316266,31898.598625,32303.056672,,
27373.437698,28466.587778,28876.595432,29286.388422,29694.89934,30108.222295,30514.334507,30919.272813,31325.491543,31737.435506,32142.690024,,
27469.265866,28561.639042,28966.377078,29375.332732,29778.937084,30183.427028,30608.900354,31013.552292,31418.104082,31823.107367,32227.554294,,
27545.896535,28637.987493,29044.682868,29448.143182,29853.339703,30257.855846,30684.246141,31090.710187,31495.791449,31913.387808,32317.972276,,
27468.786762,28591.003866,28995.48501,29410.891008,29814.803149,30230.006894,30655.045872,31059.632138,31468.790273,31874.082701,32278.478302,,
28165.510555,29272.073338,29685.844995,30090.05077,30494.831988,30927.061859,31334.61534,31780.772873,32185.30578,32589.073984,32994.205801,,
