27083.476448,27569.154861,28176.705686,28581.119482,28985.625473,29389.673757,29794.776664,30224.076921,30624.632955,31031.253476,31436.413876,31850.245214,,
27204.187875,27852.488769,28298.506968,28701.727059,29110.768618,29515.443051,29919.799186,30334.611783,30739.085262,31144.862098,31550.414359,31955.054426,,
27160.15367,27968.811192,28251.530566,28657.236251,29062.224427,29517.277554,29922.49138,30336.952218,30741.727612,31146.09599,31551.32292,31955.08048,,
27170.745376,28101.473815,28263.528963,28667.548674,29071.93846,29476.335297,29884.166761,30306.64363,30711.483324,31115.513682,31530.145964,31935.827697,,
27138.883818,28273.749362,28677.854061,29083.063357,29489.814038,29895.194677,30319.924132,30724.15584,31168.917048,31574.263122,31979.488748,,
27268.468218,28379.247131,28783.903696,29189.070454,29595.863346,30001.236505,30426.189922,30831.415962,31237.711254,31640.547819,32045.990755,,
27467.72594,28560.756627,28964.806925,29369.952401,29774.54242,30179.275752,30584.039115,30988.785297,31393.849096,31800.756534,32207.879007,,
27510.969541,28603.679969,29010.622034,29415.24462,29829.766398,30235.095245,30659.747415,31065.810876,31481.216011,31896.455512,32302.775601,,
27329.376412,28421.100317,28846.792202,29257.683636,29666.380307,30071.449727,30475.976778,30881.169123,31287.770226,31736.110127,32140.225894,,
27400.840965,28493.411572,28897.637842,29312.561336,29716.625545,30183.547855,30577.903929,30983.451758,31387.79572,31792.55389,32227.599796,,
