27229.060514,27715.34974,28322.945463,28728.587847,29143.052654,29548.014297,29952.713669,30382.93491,30791.471356000002,31211.635334,31617.88331,32023.280955,,
27101.994373,27763.328247,28208.230603,28613.460476,29018.362366,29427.868556,29844.514198,30250.962541,30654.16048,31060.375627,31464.734329,31869.949158,,
27132.272897,27941.69661,28226.202383,28641.378874,29047.891628,29450.711342,29855.323736,30282.69343,30701.055034,31106.198437,31527.205676,31946.338172,,
27365.728789,28314.592711,28477.766237,28922.932107,29327.149007,29731.220941,30140.569367,30550.80505,30955.79189,31360.348997,31771.496771,32173.609313,,
27340.911773,28440.819885,28845.566652,29249.583524,29654.467746,30068.861535,30535.568463,30938.937947,31353.48228,31759.619727,32170.060599,,
27325.508907,28429.45032,28834.897272,29239.539572,29646.161677,30048.747513,30453.07229,30858.74399,31262.886597,31667.374071,32071.670192,,
27409.736988,28512.801286,28917.066508,29322.366101,29726.891046,30130.741407,30556.704635000002,30962.660905,31367.98955,31786.912062,32191.494502,,
27461.685879,28553.762307,28957.79215,29362.218511,29771.045663,30175.415604,30579.839633,30984.625627,31383.365359,31788.313777,32193.211705,,
27364.960212,28456.895705,28862.863947,29266.69594,29670.959485,30077.881163,30512.64354,30918.438383,31322.164383,31729.378458,32133.836684,,
27703.457743,28796.702616,29201.518605,29606.518748,30011.350856,30435.433884,30841.262493,31245.027391,31649.556887,32058.489347,32463.368086,,
