27166.85257,27652.672414,28271.83287,28677.686152,29082.938504,29488.182354,29892.40935,30304.148733,30712.271499,31121.623701,31525.867133,31933.09058,,
27027.970752,27678.389814,28122.995496,28527.444372,28934.97254,29338.475682,29742.969702,30154.446211,30566.539317,30970.341894,31374.975256,31779.766379,,
27075.785415,27885.335806,28177.398658,28590.152358,29003.994033,29401.281161,29806.865101,30220.603453,30625.136266,31030.230107,31437.674832,31843.063023,,
27224.894167,28155.056832,28338.04761,28743.110134,29149.246508,29574.281142,29981.907009,30403.97066,30809.133006,31212.998102,31621.060697,32022.739886,,
27186.636738,28279.030278,28683.787263,29089.247979,29496.434927,29916.740881,30341.080643,30748.310445,31152.133819,31556.973694,31962.209119,,
27279.447612,28389.311253,28839.109256,29244.77279,29648.994892,30060.551967,30484.629662,30889.787061,31295.419474,31698.724501,32103.384123,,
27411.614699,28502.533776,28906.818963,29312.494548,29716.175409,30121.55658,30527.187862,30931.751796,31335.877145,31741.36752,32145.693848,,
27366.494836,28471.12997,28875.569502,29280.498374,29685.854853,30090.788535,30504.745588,30909.201734,31313.790362,31749.422306,32154.339118,,
27485.919403,28582.548289,28987.909298,29392.974414,29797.509211,30202.439338,30606.625568,31029.217767,31480.330975,31893.769178,32302.75896,,
27401.143223,28494.088247,28899.634452,29303.973712,29713.019838,30143.321066,30549.616874,30953.623856,31358.546349,31765.057739,32169.364076,,
