27077.516224,27563.864626,28170.821803,28574.694613,28979.84097,29383.680751,29789.084576,30197.589201,30598.492579,31004.165885,31408.036482,31831.277169,,
27113.575868,27760.274012,28205.237035,28610.455979,29015.484614,29429.52721,29835.144843000002,30260.068799,30664.427946,31069.463886,31474.47913,31879.324846,,
27131.957196,27940.019106,28224.524109,28629.357448,29035.300752,29438.075516,29842.381981,30246.346044,30653.10831,31057.50949,31461.5665,31870.978349,,
27426.754802,28398.000117,28559.709134,28963.600908,29368.845085,29794.497939,30202.475394,30607.848766,31013.841593,31430.297913,31838.374398,32239.344312,,
27462.907745,28555.154931,28960.008987,29365.102068,29770.431577,30175.941821,30582.940888,30987.638951,31392.311661,31801.13784,32216.012308,,
27182.975304,28275.50089,28680.088584,29074.182267,29480.956572,29886.056588,30291.059095,30695.599657,31101.458363,31506.011604,31910.78359,,
27426.989957,28519.475988,28923.488012,29329.093425,29735.162971,30139.647116,30564.103405,30968.161866,31389.932166,31794.721089,32239.335162,,
27251.010302,28343.417705,28747.77488,29153.038961,29558.559003,29963.099834,30367.476489,30777.899243,31182.831389,31590.763783,31995.12511,,
27416.19273,28519.091755,28928.198448,29331.677564,29736.540812,30148.213437,30557.734638,30961.791748,31365.793611,31772.214578,32176.268367,,
27470.154783,28562.10225,28967.048315,29371.778054,29776.902753,30204.755671,30606.870279,31011.233913,31414.958639,31825.813912,32230.638946,,
