27367.154441,27851.838124,28458.117548,28904.338419,29308.459887,29712.8182,30119.363348,30524.483585,30928.187846,31333.433995,31739.159365,32159.804672,,
27126.782721,27774.829665,28229.706345,28645.891782,29053.116419,29454.870979,29859.295409,30275.694006,30679.206389,31083.923375,31487.562846,31892.234357,,
27157.560369,27967.047829,28262.534528,28666.991052,29072.237825,29483.176114,29887.498454,30314.144165,30721.12728,31125.19281,31530.738951,31935.036184,,
27272.450139,28200.839879,28362.398547,28766.593222,29171.627826,29618.514845,30024.1617,30428.303527,30834.417436,31239.468581,31647.41228,32063.5772,,
27317.558647,28410.36448,28820.154938,29225.895003,29640.47718,30044.8703,30483.996208,30890.143753,31298.068277,31703.067376,32106.980861,,
27315.149103,28458.617479,28865.899515,29269.879878,29683.893605,30085.208342,30491.873736,30896.508686,31301.152942,31708.511256,32110.744346,,
27326.83997,28418.65002,28823.309417,29227.707984,29633.350762000002,30038.283952,30452.465996,30856.363475,31260.911359,31669.935076,32075.698505,,
27330.541675,28443.405517,28848.103992,29252.723676,29660.083082,30063.725766,30471.006182,30876.289706,31281.251025,31685.873224,32089.734336,,
27337.013752,28429.481451,28833.788564,29237.831936,29643.238239,30047.042826,30451.760404,30856.814311,31261.07484,31666.143771,32071.157294,,
30950.172328,32043.032562,32448.916019,32852.445422,33257.281415,33683.364686,34086.827547,34492.805885,34896.907755,35302.015113,35705.974672,,
