27104.85975,27591.165526,28197.95269,28602.916971,29007.196442,29418.290706,29824.178522,30253.891172,30654.595047,31060.088752,31464.192602,31879.010305,,
27359.786587,28007.353362,28466.221671,28875.678971,29283.101769,29684.540299,30129.934751,30537.011918,30942.603817,31346.952268,31751.041609,32159.659024,,
27166.961184,27990.200306,28272.815516,28677.608034,29082.062346,29486.947859,29892.067063,30321.539089,30726.255299,31131.077623,31535.920177,31940.638368,,
27250.527672,28178.444706,28340.20522,28748.435848,29152.637507,29560.419623,29967.105255,30410.520468,30814.393937,31223.024082,31628.769954,32029.061566,,
27382.842829,28490.359443,28916.924455,29320.945484,29724.834956,30129.079222,30533.705854,30939.418169,31385.347001,31790.237081,32194.280228,,
27302.977287,28396.572136,28801.265778,29205.13148,29609.260779,30015.160541,30420.217503,30824.781784,31228.727151,31640.78071,32047.30006,,
27370.648004,28464.184409,28871.51746,29276.197348,29682.266872,30085.671579,30519.673217,30923.901139,31327.802286,31774.70418,32179.019515,,
27311.584004,28425.239567,28829.998207,29236.046944,29640.264647,30045.275562,30473.030873,30877.826975,31284.348062,31694.296889,32105.840877,,
27358.843724,28482.699319,28887.668239,29296.27524,29701.535583,30106.518597,30511.938646,30917.623234,31321.544716,31730.076034,32134.650434,,
27432.014856,28536.109993,28941.611873,29345.303478,29750.106982,30172.127346,30580.753176,30985.856199,31389.694378,31794.196201,32199.498009,,
