27118.86877,27566.689208,32330.486092,32736.844534,33142.743047,33546.27947,33964.597376,34380.601698,34784.852092,35203.478964,35606.871569,36011.955897,,
27540.047008,32194.347279,32599.689415,32994.639637,33397.943745,33802.644553,34215.748187,34620.782095,35025.59854,35429.418072,35838.030238,,
27663.158765,32323.238901,32727.315573,33132.621257,33536.480712,33940.393914,34343.627196,34748.919157,35153.184996,35573.199951,35986.835373,,
27836.724007,32411.899219,32824.486453,33244.043498,33647.641701,34055.115154,34470.091202,34874.943219,35278.728118,35681.67524,36088.062904,,
27945.109308,32452.725325,32859.852729,33277.648569,33677.89969,34090.052607,34494.96554,34902.314874,35314.826856,35759.038181,36166.240822,,
,
32686.735372,33094.850835,33496.000612,33912.123249,34315.313805,34720.108629,35125.050941,35532.302726,35943.956306,36347.877723,,
32536.716327,32938.145324,33341.77515,33747.670964,34152.689816,34570.631173,34979.936108,35380.500544,35789.245488,36198.647768,,
,
32594.514344,32999.033354,33403.232036,33808.584731,34212.587832,34617.34477,35021.171209,35424.951357,35836.543629,36237.432967,,
