27086.768283,27534.111718,32343.558054,32758.927546,33162.609331,33567.063094,33973.303891,34377.09396,34795.168561,35196.430802,35600.353782,36003.432529,,
27646.478489,32351.1724,32760.579274,33168.405415,33573.903596,33976.997238,34381.37941,34796.423719,35207.96212,35611.660595,36016.597527,,
27960.256309,32570.73171,32974.650404,33391.97749,33796.918874,34223.280427,34628.048468,35032.371026,35440.065284,35844.330592,36252.377168,,
27647.552798,32189.102851,32593.310456,33008.570311,33421.203212,33820.984491,34221.417649,34625.847664,35029.990585,35424.942922,35828.846881,,
27798.2813,32343.851545,32758.718026,33162.89444,33566.779525,33969.534543,34379.323152,34783.32139,35215.382653,35619.524533,36034.153798,,
,
32448.051396,32851.458548,33254.451134,33659.892113,34064.136912,34485.539025,34888.592027,35297.257991,35749.050323,36153.602014,,
32473.792229,32891.800626,33295.997986,33700.040449,34104.760296,34509.366152,34943.731784999996,35347.654288,35752.820175,36160.518692,,
,
32607.521576,33011.820149,33416.030135,33827.381744,34229.844591,34633.93482,35038.681256,35443.402813,35847.27524,36251.317168,,
