27079.583472,27532.60669,32296.300804,32703.188894,33106.42156,33533.306223,33935.664783,34339.832774,34745.748332,35220.277732,35626.359495,36040.674388,,
27609.875583,32311.679941,32714.869979,33119.523872,33535.427188,33939.566371,34347.956511,34759.088779,35173.603229,35576.579234,35981.553816,,
27599.699329,32209.521942,32614.164031,33048.820856,33464.458216,33872.784272,34266.967898,34671.621772,35076.405886,35479.050022,35888.03129,,
27836.309721999998,32393.186621,32810.998254,33226.044202,33633.249293,34041.012397,34455.211326,34859.809463,35263.505436,35671.878926,36073.034169,,
27896.03679,32471.413323,32876.676514,33283.711726,33674.699704,34078.915163,34483.480475,34890.930858,35432.869363,35823.349391,36228.96644,,
,
32411.305517,32825.437082,33236.627328,33641.091406,34060.906333,34469.952485,34858.707228,35293.172386,35705.983192,36151.082076,,
37544.565201,37964.795391,38367.685845,38772.553584,39177.00842,39581.428888,39979.324046,40382.538102,40790.724067,41195.317109,,
,
32714.099518,33117.897538,33523.459518,33927.707784,34340.651792,34745.987817,35153.542417,35557.187391,35963.08469,36386.600385,,
