27260.6933,27705.345236,32467.880108,32876.186982,33301.058145,33703.200224,34107.04279,34512.604399,34916.961386,35324.861625,35724.083526,36143.212125,,
27685.103174,32358.894118,32764.501618,33165.912699,33568.334671,33976.409035,34385.566493,34789.769845,35204.610674,35609.570835,36013.338613,,
27585.517517,32204.359085,32610.349031,33017.821199,33433.960029,33838.008037,34243.501478,34646.117779,35080.940288,35486.899826,35891.189568,,
27741.337186,32310.510333,32721.007154,33128.369912,33543.512081,33945.393976,34349.639103,34753.278499,35159.119898,35571.574591,36030.105009,,
28036.304371,32542.612304,32968.515386,33372.777689,33776.567267,34181.277247,34588.922396,34993.378801,35398.734449,35821.783327,36221.990639,,
,
32621.788414,33026.074477,33429.806964,33838.335047,34249.61219,34662.950689,35066.519584,35489.354969,35903.903208,36307.783651,,
32478.614247,32882.22156,33291.156673,33692.388169,34095.882122,34499.298133,34902.555579,35307.101919,35712.529322,36128.632001,,
,
32637.652209,33041.289063,33452.896449,33866.369092,34269.874173,34694.328101,35099.854883,35503.244058,35908.237424,36326.077155,,
