27004.931913,27452.207803,32202.757147,32617.76482,33036.400405,33440.864109,33848.040635,34252.248387,34668.533955,35070.944112,35475.254762,35879.135509,,
27603.870075,32255.201179,32669.596695,33072.81098,33479.884096,33886.013504,34290.583916,34705.188272,35109.081208,35514.551225,35917.145967,,
27550.408161,32233.823956,32671.030248,33092.115966,33500.849815,33912.070846,34327.004154,34727.830463,35114.114861,35580.990186,35985.84407,,
27926.230456,32471.894204,32884.460157,33288.90396,33689.216329,34107.000657,34523.212587,34936.667334,35344.649472,35745.539325,36152.12744,,
27845.821284999998,32366.317783,32777.453205,33179.923431,33585.859963,33993.494767,34397.881922,34812.104411,35212.953154,35617.572915,36022.235844,,
,
32300.541914,32704.041934,33108.259847,33522.958759,33927.411849,34331.577461,34746.819633,35150.369593,35552.951183,35959.398583,,
32448.949271,32854.230363,33262.669219,33663.143762,34067.944166,34472.580993,34897.385575,35301.050407,35705.763667,36109.622087,,
,
32598.22158,32992.455442,33396.389371,33800.809432,34204.89752,34609.935452,35027.601691,35431.799106,35836.260769,36254.304144,,
