26955.285869,27403.15293,32183.07373,32587.363354,32992.988108,33396.207967,33801.568641,34219.45023,34625.063108,35032.782909,35435.627026,35893.544628999996,,
27603.595029,32317.961135,32733.31239,33136.652599,33547.104550000004,33948.15977,34352.6445,34778.48095,35182.926335,35587.252555,35992.442736,,
27714.827181,32418.232557,32827.574242,33233.943745,33637.702771,34041.184892,34446.175031,34863.956746,35265.608362,35669.801932,36073.905127,,
27806.440582,32388.818471,32790.639263,33209.867002,33609.603606,34065.275098,34469.167064,34875.040469,35290.454706,35706.650961,36111.817623,,
27943.617112,32471.278792,32874.579957,33280.393327,33682.853294,34088.76621,34495.905141,34940.908869,35341.438124,35745.686938,36158.986078,,
,
32412.51515,32817.298234,33220.892628,33625.572902,34039.924019,34446.465749,34866.993611,35267.971968,35671.594026,36086.106353,,
32419.131014,32822.536344,33243.691029,33648.389223,34059.017903,34464.069374,34868.326964,35271.981031,35675.74272,36089.489631,,
,
32783.279671,33187.740357,33593.448606,33998.979797,34404.667812,34809.423153,35212.995259,35627.250887,36034.189536,36437.904219000004,,
