27096.505238,27561.618618,32331.859959,32736.484135,33145.299606,33559.040302,33961.828658,34367.906145,34771.353584,35176.767097,35591.380179,35994.586699,,
27965.088808,32696.029474,33100.591757,33504.141538,33909.485906,34322.900037,34730.043071,35130.996506,35535.922969,35958.432155,36365.921564,,
27743.392997,32351.346398,32759.14484,33170.61284,33574.466473,33981.752494,34386.659965,34789.925842,35204.348491,35609.176703,36013.432264,,
27874.889306,32443.305464,32847.368214,33251.775633,33656.351575,34059.75163,34463.957081,34867.746998,35276.675087,35687.133368,36095.231264,,
28078.09966,32588.618842,32994.334667,33398.912364,33802.776637,34206.772924,34622.689492,35028.15978,35446.775839,35847.227614,36254.366658,,
,
32601.905495,33004.076566,33409.890799,33816.033914,34222.33331,34626.476889,35028.901792,35434.342069,35849.138355,36254.056099,,
32494.677919,32900.20691,33307.715147,33717.245742,34120.183715,34523.827999,34927.986257,35333.677988,35738.251412,36152.762542,,
,
32820.155551,33223.619164,33629.665971,34043.944447,34466.627446,34868.048709,35272.359591,35677.318568,36093.46127,36497.536672,,
