27662.921363,28106.764863,32915.85612,33320.539463,33724.499975,34129.14917,34534.711939,34939.145415,35343.418242,35755.992128,36161.870082,36565.497345,,
27679.544139,32387.653654,32791.469386,33207.274035,33611.956249,34025.663461,34431.692906,34848.004728,35253.718534,35667.543245,36084.952985,,
27667.825263,32295.431341,32704.549473,33108.303027,33517.648319,33927.734859,34342.130004,34746.215814,35149.368959,35554.240692,35963.094836,,
27896.353304,32463.524696,32871.074233,33278.783104,33679.741934,34085.158543,34487.80971,34914.560882,35317.270937,35723.50048,36129.024624,,
27957.433031,32476.71296,32883.827567,33298.143627,33713.165059,34116.663725,34525.08092,34941.115399,35345.345537,35749.306368,36149.775605,,
,
32598.062289,32999.057966,33403.172082,33806.88082,34210.161911,34619.601982,35020.643548,35445.182731,35859.970493,36264.929529,,
32603.005706,33006.794817,33411.552704,33816.82377,34221.321874,34635.325352,35050.530841,35454.934641,35860.00086,36265.24302,,
,
32729.504242,33123.696275,33528.873644,33933.384087,34336.8915,34740.507872,35146.306351,35550.909988,35954.562605,36367.68405,,
