27019.514003,27467.230024,32196.48757,32600.918024,33005.403075,33410.086428,33823.45277,34228.814649,34635.665368,35040.705218,35444.182282,35857.876888,,
27533.920108,32205.671425,32609.68489,33013.511877,33417.938914,33822.93154,34236.555395,34645.576863,35046.451206,35450.44368,35854.845077,,
27574.761167,32214.729225,32618.52691,33034.432841,33489.378389,33893.588389,34301.153945,34713.12824,35126.479076,35531.905652,35935.823713,,
27943.796024,32505.829999,32909.88001,33311.733397,33727.684157,34132.533322,34554.855753,34959.288993,35367.567756,35777.536059,36182.640947,,
27890.151228,32393.966992,32798.546769,33203.980851,33621.629589,34033.588024,34437.728006,34845.982212,35250.264911,35668.040359,36068.642482,,
,
32553.541666,32957.561913,33362.680792,33777.220846,34180.884653,34585.848399,34989.79176,35394.229596,35798.503516,36203.435287,,
32523.813684,32929.171518,33333.029337,33747.695258,34152.043813,34556.69708,34961.33303,35364.369127,35768.458466,36175.598904,,
,
32578.252497,33033.505612,33444.319785,33863.239933,34279.699186,34684.133084,35124.848922,35533.196947,35948.208453,36351.551919,,
