27253.063184,27702.736341,32456.66753,32862.28451,33264.769379,33668.438205,34072.932122,34479.308586,34884.045788,35288.540894,35693.607301,36096.871634,,
27633.338791,32334.703384,32742.913655,33156.231056,33575.282786,33983.01205,34386.680589,34832.125033,35237.013751,35642.280895,36055.269188,,
27647.131267,32264.386648,32668.182121,33071.739195,33450.72166,33854.821531,34259.144508,34662.421395,35077.889434,35479.887528,35887.028412,,
27784.438838000002,32337.674885,32741.968648000002,33147.208268,33550.926559,33958.254993,34358.008818,34762.197293,35167.252875,35593.221862,35995.818267,,
28020.654158,32540.866795,32942.79895,33347.020921,33751.876088,34175.607884,34589.815102,34995.352824,35401.559487,35803.14467,36221.592716,,
,
32658.343758,33062.603003,33465.823592,33875.133491,34289.228322,34698.26361,35137.633868,35532.021599,35936.21941,36330.086206,,
32645.442273,33049.818294,33455.387244,33858.850141,34262.091525,34667.521005,35151.827592,35557.362433,35988.967900999996,36388.988411,,
,
32596.424321,33022.881977,33427.978529,33832.210098,34245.941054,34651.718233,35055.705152,35459.168702,35864.611051,36278.70189,,
