==========01
555.765608
172.980077
137.309275
141.77949
146.856924
255.949123
228.764771
212.257528
117.908425
151.042747
==========02
359.726963
314.593751
282.838335
223.61948
262.311425
249.304082
219.021122
259.247968
255.87442
395.347859
==========03
278.026292
290.54273
236.792215
240.996909
267.69796
231.953734
407.482412
400.164407
249.95314
270.61541
==========04
350.760697
321.07353
274.765977
342.562729
262.620099
234.521422
368.939888
306.783935
236.974838
347.073838
==========05
485.348443
414.373719
303.22754
274.981318
272.908782
248.765945
264.677993
246.76498
239.174016
297.214699
==========06
249.07578
289.273132
439.7641
323.25329
279.202461
430.531544
272.961675
242.323931
281.423541
276.228674
==========07
512.00073
286.38236
320.827793
266.417713
269.610117
276.471444
286.868046
257.711774
245.330103
242.550542
==========08
366.880376
259.860533
283.738313
429.269847
265.765957
250.048337
267.011149
251.480835
250.722326
290.679669
==========09
292.501565
292.414281
279.653015
256.543802
251.940379
261.422032
364.109721
308.53247
309.858141
279.02432
==========10
299.411293
425.786404
299.505323
300.965208
268.305898
271.320609
261.485676
286.776725
307.910678
282.683939
