==01
6.88062792
8.213770466
2.816022164
2.584043986
2.890356758
3.419065272
8.286262452
2.360497754
2.381852294
3.150280695
==02
3.938475086
2.923259099
8.306506732
2.97726203
3.13474352
6.7834477
8.567906991
3.100078771
2.738307264
5.850814279
==03
5.230392625
3.264187998
8.495377016
2.813613897
3.429334556
2.762019923
2.955044968
8.216567213
2.909863263
3.79288963
==04
6.810855649
3.172868319
2.927673433
6.985399186
4.159582869
2.725988219
11.797422617
2.590899156
2.743144138
2.785076296
==05
5.900797582
2.820754165
7.764291919
3.4624485
3.104245831
2.617307931
3.2881317
7.796243803
2.763689733
2.935757591
==06
3.261119682
12.50073444
2.64991751
3.256951158
3.465108765
3.430552022
8.643553601
3.124283719
2.726006171
3.354323313
==07
4.248382047
12.189510255
2.869131676
2.68215395
10.355816799
3.307889526
3.118872042
3.413361699
3.274998156
8.455066342
==08
2.973700948
2.781588136
2.770277595
3.46281741
8.14885976
3.64048517
3.22543481
4.480755886
8.707056515
3.318851187
==09
3.893157971
3.238999714
8.614435065
3.154000147
2.823066318
3.190138771
3.155185942
8.58178233
3.284111891
3.155815329
==10
5.335233888
3.263277272
8.594275446
3.114752779
3.95846486
3.385063282
3.439029725
8.516604969
3.234782379
3.267825947
