==========01
11.752696403
6.715327689
6.769854692
6.531393165
5.625582287
6.26965506
5.628070141
5.798915475
6.107640726
5.675191692
==========02
11.199595421
10.213677504
11.152938221
9.831714498
4.872919418
10.595282331
2.726864426
10.198939759
4.221076932
11.840896803
==========03
2.2925625
10.816739945
12.561587015
5.985267901
7.9566514
13.291360751
7.111866988
13.782388686
13.78724309
8.578865021
==========04
7.637810834
7.86240363
7.914600347
8.581447766
13.12749031
13.633993863
13.963406709
4.992034639
16.266181065
8.904037261
==========05
8.496785347
15.676376935
15.68124619
15.790432669
8.11188527
16.356642973
8.617371521
10.79054074
16.312099244
15.976857311
==========06
==========06
9.51066541
4.207873188
10.210340962
6.405909652
6.534260249
9.694469167
10.192356852
5.61754681
5.285461142
==========07
12.447893627
==========07
9.344705575
6.894646436
7.770420805
3.513894332
7.490032441
6.996233082
11.456653997
9.203951892
5.895477536
6.111174199
==========08
3.920056677
11.598249451
11.597120441
7.569656087
6.910366611
4.975567716
13.902605
4.682205204
13.322869271
8.8294579
==========09
16.455160861
8.293166858
10.185063424
8.669564015
14.672088475
13.49891207
7.904579266
5.63474617
3.874557695
14.97750953
==========10
8.739800822
9.47205872
9.895748129
5.784742839
5.871024255
14.319335727
10.436478361
16.223093295
15.159205535
15.315878137