==========01
2.20948179
1.841332028
2.72055546
2.318604088
2.242539293
2.153667512
1.494989949
2.48779002
2.90957926
2.213323221
==========02
1.960588864
2.45842904
2.6096851
2.513422089
2.646860731
2.965077444
2.413030757
3.117688796
3.3446916
3.643091893
==========03
3.317022515
3.586298073
3.780154986
4.44396373
3.832461198
4.418397708
4.158584738
4.474345151
4.752497184
4.809487149
==========04
5.157796488
5.179940227
5.120292873
5.142034294
5.959810182
5.537234676
5.766040409
5.431182771
6.386480523
5.575311934
==========05
5.597855574
5.395040767
6.58969704
6.690970958
5.541610793
6.618996399
6.338741679
6.5621367
7.916062601
6.382456012
==========06
==========06
2.801233233
1.741932724
1.910773811
2.215737959
1.349932857
1.899640643
2.259122766
1.980729678
2.422560847
2.477966361
==========07
==========07
1.944530128
2.242361814
2.397001303
2.292282749
2.206653645
2.242199386
3.754610331
2.309445278
3.411055369
3.907514554
==========08
3.296879236
3.627018167
3.566779626
4.67121197
4.381668985
4.187449423
4.417528863
4.76362139
4.187080372
4.195620981
==========09
4.504217935
5.868040438
5.229746695
4.56924966
4.751854173
4.841752146
4.973344983
4.970730495
5.225080469
5.662171406
==========10
6.257027
5.147645894
7.51922847
5.191094427
5.518161407
6.529738806
6.21224602
7.30790201
5.743566055
7.958945527