==========01
1.780225724
1.719770093
1.851797414
1.287927875
2.301441912
2.303257992
2.62080762
2.367252952
2.115294149
2.82487683
==========02
2.325712196
2.272898052
2.960119323
2.367682471
2.419045872
2.733277286
3.301314967
3.271972423
3.60283261
3.463721768
==========03
4.54323587
3.802075446
3.6431677
3.955483031
3.697851544
4.6443485
4.241847612
4.909391026
4.609901465
5.200653923
==========04
4.689451864
5.512396375
4.841527638
5.348245479
5.835942292
5.437478958
5.453539365
5.301662704
5.533994076
5.195942547
==========05
5.780648384
5.469207474
6.475506274
6.82398052
7.852060518
6.109837209
5.864716308
8.76876585
6.16270026
8.561149494
==========06
==========06
2.786188786
1.912464066
1.94492347
1.975271742
2.146134371
1.764368523
2.266276119
2.15894618
2.431261629
2.357359939
==========07
==========07
2.261661269
2.20895607
2.203386037
2.445833
3.7467286
2.403890774
2.805621798
3.84174474
2.675190832
3.735326362
==========08
2.845230571
3.81596122
3.587601531
4.164184943
4.36575871
4.9270605
4.222134675
4.95161775
4.668934592
4.277272057
==========09
4.802390837
5.559586026
5.607324304
4.446573805
5.240736002
4.961613943
4.968749764
5.75355774
6.435096127
5.218462488
==========10
5.710802142
5.727720234
5.774978844
6.67510044
5.94442797
6.42788986
5.795954487
5.974405438
7.610098195
6.2860607