==========01
1.959160854
1.799229786
2.65943153
2.314375365
2.172610244
2.398315631
1.700780084
2.412446369
1.883484401
1.602504125
==========02
2.9869552
1.888100948
2.973867128
2.162583902
2.271978158
3.423076569
2.649289651
2.851927558
3.586535948
2.652544069
==========03
4.344513289
3.895780449
3.773590499
3.893643507
3.841799742
4.914054046
3.920047653
5.73042979
4.55009864
5.556496606
==========04
5.78262827
5.642499643
4.615574977
5.465495886
5.95135763
6.9264465
5.92401178
6.726138759
5.275944975
6.859560731
==========05
5.894591309
5.483851177
6.7362149
6.231234208
8.27717152
5.969525469
5.662367811
7.684445433
5.990052509
8.72647705
==========06
==========06
2.637135722
2.60720271
1.651980626
2.131935753
2.127561696
2.231811761
2.252289377
1.657146511
2.310034198
2.432183304
==========07
==========07
2.387756274
2.39358581
1.844528032
2.802565563
2.8890962
2.638855238
3.773189018
3.73489326
3.420354672
3.900428191
==========08
3.544513472
3.745390412
2.881113583
3.918910779
4.193925533
3.819921534
4.153626604
3.997069584
4.834204904
4.155279976
==========09
4.90104693
5.250365755
5.930545231
4.564460932
4.968221517
4.948250841
4.881534068
4.786513027
5.328898131
5.426678438
==========10
5.875024996
7.317592372
6.168053618
5.585637468
5.714692254
5.821366412
8.499260336
5.740267162
5.946988833
7.580193173