==========01
11.99961341
6.936956112
6.733459224
3.230692564
5.690759773
6.624540807
5.740973845
5.34148929
6.390705529
5.328856056
==========02
11.745041672
10.364195861
10.934025488
10.958793845
4.930889049
12.128530485
4.46283117
9.801712198
5.746383961
11.21207705
==========03
4.615414768
11.211468721
13.495453652
5.94553153
7.16182833
13.178983748
7.33497867
13.239855415
13.465327423
8.513462164
==========04
7.719248337
7.939549536
8.329426837
9.97176142
13.442464024
14.530181001
14.303929734
5.184303628
16.307881693
8.998975023
==========05
8.194655196
15.960564853
15.349864198
16.188123782
9.739327003
16.568236076
18.60325701
10.794311551
16.16056195
15.809286513
==========06
4.970033064
==========06
9.707512323
4.487101162
10.560739025
6.46224912
7.816052741
9.634777925
10.222809647
5.707932526
4.510231599
==========07
12.149921815
==========07
9.66386504
6.96793907
7.8416928
3.870230398
7.494269286
6.908788746
11.960658884
9.438223072
6.755203521
5.593172476
==========08
3.215902515
11.889765095
11.342210009
7.398242825
7.177113104
5.125385548
13.508986232
5.16468177
13.277809563
8.422993817
==========09
17.18430913
7.987706462
9.866458787
9.4059526
14.662740034
13.509816694
8.107958721
5.303509131
4.85609545
14.973032591
==========10
8.900393156
9.70603669
9.537310818
6.373985618
16.587545929
14.527196878
10.658583324
16.216648833
15.595911109
15.686537809