==========01
1.524183484
1.912929638
1.933186715
2.35564719
2.40800768
2.261175672
1.844571072
2.231397586
1.653157934
2.51462748
==========02
2.403166402
2.4985729
2.288703953
2.742955231
2.33676429
3.703563515
3.118514126
2.464123168
3.428920568
2.863563342
==========03
4.504401901
3.882456003
3.639104077
4.23234689
3.739222295
4.218324164
4.76122009
4.744039154
4.418734655
5.700334946
==========04
4.970038658
5.786951376
4.493895274
5.868592882
5.770745775
5.120974811
4.812682877
5.74340984
5.863687874
4.981216401
==========05
5.876510798
5.35103461
5.753101222
6.902569343
6.764382544
5.862352829
6.926422332
6.380424905
8.88142877
6.151939198
==========06
==========06
2.120256367
2.57355601
1.754634787
2.80506011
1.967892291
1.557230286
2.127272114
1.449465225
1.562994775
1.58978657
==========07
==========07
1.732865362
1.682977349
2.65476595
2.97444262
2.435545115
2.570495537
3.459155808
2.65638463
3.302589959
3.590348224
==========08
2.627338507
3.908525363
3.583957191
4.277823666
4.27645697
3.981836962
3.992835848
3.813240568
4.456909862
4.14903555
==========09
4.246455889
5.707305961
5.459521586
4.188638419
4.849627206
5.151318592
4.677055841
5.378191886
4.952795213
6.250473117
==========10
5.22567803
5.508713544
5.1815155
5.399627828
6.337028332
6.395633994
5.573131728
5.577316459
6.50226124
7.778254975