====01
308.45996
254.30053
268.794041
243.557664
245.85259
250.509134
238.683567
236.823069
325.943437
501.435292
====02
213.119006
218.180145
252.77865
220.781417
354.295927
361.425692
230.844787
239.96375
367.681078
278.327048
====03
251.6115
255.369059
213.27005
212.226338
367.148884
223.313702
216.197674
216.786613
215.399924
322.895918
====04
226.05621
216.172663
271.352575
217.0492
206.549893
222.593729
218.591143
213.336968
212.149788
234.489023
====05
251.587977
253.23198
255.936245
216.112075
212.615596
247.648983
215.262474
347.023694
265.359477
235.485597
====06
213.727389
210.544242
229.177187
245.151173
208.004138
203.561847
211.968966
246.746015
231.553301
211.897322
====07
207.172432
229.826398
226.853654
276.345635
216.998645
211.960616
246.808932
213.182934
251.960199
282.146667
====08
210.684102
232.912222
215.42724
225.377222
345.428788
292.6198
212.790582
209.288354
272.481133
278.958242
====09
230.97052
240.056686
211.373646
239.198537
206.645697
205.253592
339.506198
218.379657
214.188524
217.958829
====10
239.034958
231.837834
212.460191
235.996868
208.858255
203.904922
224.310704
212.55227
207.78285
204.558302
