==========01
3.376705557
2.315073027
2.629072413
2.822077973
3.545231339
2.71150168
3.885379986
3.17125058
3.604924459
4.1683633
==========02
2.554612222
4.512212462
4.254238637
4.869543172
4.96639246
5.703223148
6.9988898
6.92984054
5.778438164
6.654443299
==========03
6.29081798
7.176359924
7.926937903
6.386925523
8.994569714
7.449167207
7.21647733
9.823157322
7.963567486
7.257260069
==========04
11.117926965
8.315211244
8.14025831
11.776360298
9.403860086
8.811083103
9.130355371
11.342547135
9.364263798
8.879300893
==========05
10.470448811
9.5598051
15.555432
11.401994737
10.63710628
10.387038949
10.73138741
16.34607491
13.744046606
11.645186122
==========06
4.153660651
2.269928061
3.136864942
3.115350364
3.164827425
1.976233361
2.351931776
3.833090772
3.967539391
3.29676536
==========07
4.413547189
3.862305255
4.53498079
5.370883576
4.365232513
4.755232373
6.787698736
6.64804904
5.369750316
7.304943195
==========08
5.878997734
6.130827278
5.937877548
7.719165247
6.957986725
7.71060104
7.720829969
6.711464509
6.719571764
9.491217339
==========09
8.112067258
8.493555186
10.77050478
9.340761043
8.827961038
9.84501739
12.178697899
9.376998468
17.274461998
9.664259844
==========10
12.7805793
12.570323249
14.870678733
10.471032155
10.979027991
11.448964384
14.450645885
16.331137318
17.809596895
16.101833712