==========01
8.978062437
5.246650314
8.161262987
10.50961675
6.756143317
5.543714044
4.833983324
3.938926708
6.476171365
5.998613722
==========02
6.6045489
10.196375675
5.40919695
8.736186622
6.723964687
8.384914239
5.852736524
11.460390007
7.262647067
12.886043614
==========03
12.103570251
10.683794595
15.894366283
8.322977974
12.648831586
10.320740659
11.953844424
11.584337748
11.438263251
9.234617355
==========04
11.650960086
11.4526216
12.65567637
13.289214861
11.759785816
12.455117454
12.49221684
12.290552076
12.29989687
14.66757123
==========05
13.1913205
13.838813052
16.891086051
15.127703992
14.370860646
15.992244888
19.19788445
14.744440681
12.910978509
20.59821496
==========06
9.13890207
4.434734547
9.519113349
6.175188487
7.117854262
7.72353285
9.498468687
8.426713028
6.61027393
3.989143557
==========07
4.931510809
7.29117981
9.242411853
6.93352964
9.522574994
10.576598844
8.988180595
10.926898349
8.972058435
8.947434844
==========08
9.211205582
8.772938645
9.906979453
12.847156806
7.480930296
10.415861076
10.448560745
8.66440029
13.123696828
15.749387053
==========09
10.59671547
13.626728884
11.170320916
12.29617326
13.548056643
12.749873547
13.651648236
11.30717535
18.446068846
14.675100322
==========10
14.168428588
12.97278321
18.333662177
13.458724059
14.506062076
15.653420814
14.981605994
19.465896387
20.19097872
20.878024219