==========01
8.907368005
6.530504593
8.611109722
9.882386841
6.266796006
5.592575526
5.491259652
3.997012199
6.327298056
5.480066119
==========02
6.422723276
9.774073567
6.26429606
7.70073441
7.668626846
8.193809976
6.295402337
10.722400288
7.975255101
12.80138189
==========03
11.601749947
10.92005685
16.63836188
9.15834233
7.288504894
9.196852774
10.879800222
11.474438805
11.278295324
9.73238145
==========04
12.272384221
10.50978782
12.129311797
13.202947375
16.272306018
12.517732241
12.416110675
12.203407163
12.387544274
14.38844036
==========05
13.248636532
13.86705871
16.948558715
14.469049933
14.15572213
15.93720511
19.530759081
15.811188326
13.671004855
15.448594036
==========06
8.838589353
5.612806758
9.775185524
7.366257561
8.73005765
6.954440864
9.66332482
7.49362177
7.91965503
4.69160735
==========07
5.588561777
8.314695456
9.364979552
6.918054695
9.58260795
10.544668667
9.506290837
11.24919955
8.875957995
10.4712217
==========08
9.163867836
9.828855679
9.983768184
13.28155149
7.993316598
9.450102694
10.994252264
7.457854316
13.925897944
16.598104423
==========09
10.822615047
13.15720858
11.186159581
7.807841873
9.14837894
12.245442036
13.556431098
12.1091377
19.200202293
15.2171343
==========10
14.33971765
7.491363674
18.859782682
13.481878285
13.679611721
11.664532229
14.712376379
19.190635176
20.139019536
20.786448153