==========01
7.473968139
8.578860755
12.161030102
4.11660598
9.94713246
12.451249428
4.243973043
11.585326167
13.535277394
5.93645403
==========02
7.503095654
9.544390629
6.464435725
6.54237976
10.424192881
4.29202385
9.559387279
12.514931567
12.643920281
6.580228175
==========03
7.277671959
7.289182018
5.927895567
8.607459862
11.886506846
8.311456026
9.522206273
11.830614921
4.247172965
8.966029012
==========04
8.12857766
11.548241434
14.261688652
11.373882381
9.551605384
7.405425931
11.925586458
11.322250517
9.371989592
13.123310036
==========05
12.9286356
10.529004613
7.423319018
8.237380542
11.995920642
11.556310966
14.6902891
12.8622439
18.376492705
10.802833807

==========06
8.94760975
11.477163689
6.707403036
4.481497526
13.442319625
6.723802235
6.65299339
5.981941052
5.375369544
11.334982167
==========07
11.767624584
6.663491877
4.492699891
4.472626989
4.153562764
6.271300864
11.9735786
6.79981166
4.351291336
6.180682495
==========08
13.703065257
8.145217566
8.712092841
7.237003447
5.25933794
8.846270134
7.642342214
8.286882964
6.824161196
14.237905839
==========09
7.744593005
8.97848065
10.592667895
9.754779839
16.965499165
12.285619032
8.787198697
16.366876938
9.388882638
16.711043819

==========10
9.813009401
8.316424153
13.604848393
11.709516135
13.23096622
7.479074695
11.823724007
17.639606026
8.981290964
17.704887998