==========01
2.967939868
1.817499504
2.50386682
2.646913611
2.460327307
2.504232555
2.86849784
2.993520556
3.90952748
3.545287448
==========02
3.79493677
4.129976458
2.669412864
3.337814284
3.23421135
3.212590139
4.572362904
4.581873613
4.388141372
4.438926421
==========03
4.764752486
4.688292002
5.246090586
4.924991539
5.257441867
5.606116443
5.662740643
5.52926418
5.821010597
6.83792932
==========04
6.75643672
7.187556435
6.639964266
8.150301873
7.437830017
7.42872327
9.373925796
7.225123595
7.9993553
8.774813687
==========05
8.916519329
7.658367489
8.351607582
8.923148813
7.990516533
8.718095275
10.310074465
8.35543467
8.57104433
9.705410962

==========06
2.946126545
2.193868587
2.457675904
1.370653874
1.612253687
2.700624433
2.794533066
1.970323959
2.978393479
2.572898788
==========07
2.409014184
2.689832608
2.55220478
3.175727243
4.84134105
4.170763799
4.165753771
4.576208842
5.35039684
3.687960083
==========08
6.484605997
4.898348676
5.798194831
4.803032726
6.95042626
5.239947399
5.761283199
5.537786105
5.850164822
6.401785473
==========09
5.817787174
5.890904146
6.17651898
6.423339915
8.602223968
6.244071733
7.14555071
8.383414362
7.606286111
9.693964219
==========10

7.852801318
7.959613425
10.723231819
8.313683791
8.122559435
9.491967912
10.917251029
8.899636389
8.87225788
12.13746512