==========01
2.654887932
2.7209439
2.482987736
2.632305888
2.696839273
2.374204961
2.362129795
2.402176977
2.573115672
3.560727317
==========02
3.350460454
3.880944891
3.100773668
2.941062774
3.246173618
3.963169059
3.755479074
4.586823421
3.279424265
4.414525203
==========03
4.787398976
5.95571542
5.434404262
5.82937657
5.365901273
5.759996075
5.447565069
6.70873546
5.827675141
6.223531211
==========04
6.221233782
6.285059683
7.532665658
6.833587499
8.23330945
6.46346231
8.183898048
7.661688244
8.46057155
7.121953209
==========05
7.131695534
9.318279779
8.98714483
7.461240359
11.268437118
9.767064814
8.844636909
12.47168032
11.80590567
9.295291721

==========06
2.472152906
1.805309922
2.142578941
2.272002403
1.830104153
2.709909931
2.342688897
2.20864229
2.275373366
2.290133343
==========07
2.92149974
2.266481986
3.336316614
3.722424212
4.420528028
4.161260515
3.854664274
4.4577141
5.297846282
4.594009873
==========08
6.421940457
4.573992294
5.342185314
4.6941245
6.290064919
5.425868064
5.425425434
5.763975024
5.833766177
6.835054819
==========09
5.870857265
5.84018779
6.473656233
6.669032484
8.613780522
6.55014914
6.797555442
8.674059461
7.263632945
9.720445513
==========10

8.19756498
7.760104844
10.799714104
8.492552287
8.611535529
9.248049173
11.11352397
8.174775244
9.12551981
8.65764502