==========01
3.117554411
2.152531387
1.959563173
2.409418779
2.71467376
2.608020518
2.543953753
2.608986071
3.212857726
3.570473014
==========02
3.583556977
3.293369693
2.843003545
3.11932064
3.693872089
3.474519692
4.242221264
4.609736767
4.400367261
4.435129911
==========03
4.468894612
5.21169483
5.315704258
5.299151885
5.388770044
5.858082327
5.554172675
5.733696158
4.727901396
5.972932926
==========04
5.846742414
6.540256509
7.385004994
6.461871186
8.64475702
6.801535926
8.589682338
9.472274133
8.392363518
7.910936699
==========05
8.50383372
9.870639273
7.477704729
8.23051833
11.286043762
9.161168051
8.437376118
11.79426842
11.592226224
9.720165288

==========06
2.952450884
2.68273245
2.379589115
2.278809045
2.566882778
1.805044888
2.612119074
2.920010151
3.48481261
3.55769405
==========07
3.124608622
3.23783197
2.831963144
3.36284817
3.390445739
4.62129419
3.974529301
4.597985776
4.27548678
4.646269501
==========08
6.434815819
4.923345666
5.62995662
5.45260101
5.791337856
5.525495652
5.517555952
5.951130939
5.63523152
6.663830977
==========09
5.954665299
6.5003435
6.388185825
7.328986854
6.608686948
6.536367002
6.638726524
8.694738639
8.169994313
7.589741113
==========10

8.335547386
8.205045353
10.330193717
8.707957897
8.927106914
8.779270341
11.139994161
8.680860502
9.176504309
11.773902755