==========01
3.106262562
1.968454882
2.512880235
2.559699112
2.725351466
2.582419913
2.821155243
3.403331328
2.943642609
3.447973929
==========02
2.512560324
3.17763849
3.36690985
3.741781985
3.453532368
4.50832275
4.500024281
4.386611967
4.3809493
4.262801947
==========03
4.759257908
4.913353781
5.424451821
5.14949754
5.397312853
5.749689538
5.684036799
5.866268138
5.793260637
6.214531877
==========04
6.153824861
7.64739267
6.984432119
7.499644208
7.780157244
6.692441287
9.409232309
8.673177667
7.313821985
7.843816473
==========05
7.688511539
9.502537837
7.8825758
8.340473483
11.302551711
10.16445812
8.877528053
12.289241739
11.79646926
9.58640211

==========06
2.818019365
2.235130112
2.483188081
2.290181552
2.416845881
2.69099052
2.666714893
2.905932501
2.935816229
2.765923929
==========07
2.557947434
2.988714234
3.149307429
3.884916787
4.531157795
3.816529445
4.55078661
4.441269405
5.365434411
4.615203871
==========08
6.452047036
4.708408588
5.783981055
5.8113002
7.73311456
5.431686593
5.678543537
5.651848895
5.767328024
6.177025172
==========09
5.686955225
5.977592305
6.481728097
6.986322843
8.493189269
6.58876104
6.900857955
7.730214064
7.58355598
9.787180803
==========10

8.308422276
8.6939729
10.899835937
7.930357812
8.7468005
10.660863504
11.124689237
9.306115034
8.399576731
12.89085554