==========01
3.7437702
2.178489444
2.441053044
2.511587575
2.620200021
2.457642593
2.751242579
2.105207421
2.314037737
3.41056029
==========02
3.516155116
4.121050304
2.415541953
2.66085923
2.588482667
4.44031692
3.49263246
3.640910129
4.158904331
3.464450133
==========03
4.637017814
5.28858605
5.82175587
5.277185003
4.943311928
5.45450391
5.672890893
6.115801496
5.595443724
6.137172061
==========04
6.13370017
6.853725988
6.814525911
7.833717061
6.99033381
7.11924633
9.236356287
7.970943488
7.4711446
7.617895616
==========05
8.0674156
9.523445503
8.326437952
7.935173279
11.100260229
9.4068755
8.551238881
11.9721283
11.959849193
9.743868579

==========06
2.921234808
2.209338486
2.318653776
2.152355356
2.576412135
2.568020384
1.884019789
2.795521353
2.513820804
3.22536852
==========07
2.17446676
2.944730226
3.10230666
2.928505503
3.845356219
4.153094521
4.155830066
4.324014193
5.318544036
4.370522418
==========08
6.153936286
4.892378261
5.516217773
5.30411727
6.38174395
5.48111901
5.264592027
5.314156849
5.573925805
6.64880791
==========09
6.16487675
5.993837306
6.326094332
6.840341199
8.63207492
6.439485058
7.43762769
8.606731346
7.418478784
7.97605197
==========10

8.127031627
8.707046541
7.936595131
8.722488454
9.462805758
10.577434357
8.647685455
9.26955923
10.685820084
12.206405208