==========01
3.97760918
11.648019748
7.344304871
5.308924979
8.374918925
8.252008891
2.78410607
7.366497229
8.72940628
3.575056541
==========02
6.58097926
7.372787359
7.820257268
6.749395462
4.991545507
6.780686503
6.685361668
7.449763815
3.63709463
7.0457337
==========03
10.15226843
8.161858828
7.56301707
8.205956119
8.494132113
4.680262122
3.75894391
6.356741099
3.3281967
11.875411183
==========04
7.278134433
6.194193996
7.30958106
7.380864853
7.14743068
7.175790228
7.605582331
6.457596605
8.926977856
7.499659203
==========05
5.777486592
5.941812287
7.209227911
7.708106244
6.800637889
8.850444161
1.141970174
11.535892515
8.763516412
6.85093499
8.190561228
==========06
12.809637939
7.160549868
6.326742629
7.74760289
8.64679264
8.259087149
8.56234348
8.217530283
7.421610479
5.734439279
==========07
10.194328967
3.452689085
3.945996235
3.634164921
4.918747218
12.219013498
8.606756685
7.22314671
8.29975323
8.559897961
==========08
3.319096251
4.978478095
6.210283759
7.758666637
5.995571445
6.367841533
7.132524518
7.827960379
8.73107255
8.92059663
==========09
13.19417788
5.58979334
5.989181268
9.890346633
8.711452585
2.627375557
8.0426311
7.545286379
3.217481933
12.29899015
==========10
2.338303052
3.671692703
3.82343561
11.107529043
9.4040073
3.326720118
12.3136813
8.91875665
3.239328084
11.991499576