==========01
3.776415078
11.856389993
7.37147876
5.349543091
8.713219677
8.226365724
2.576045391
7.626890409
8.143035905
3.190722723
==========02
6.581263013
7.364699958
8.67447494
6.855874235
5.24941539
7.95964645
6.714922512
7.468891216
2.879282976
7.58093375
==========03
10.450489024
8.14628133
7.60336563
8.64985628
8.515926619
4.707951383
4.110001991
6.375866639
3.66841799
12.391508288
==========04
7.31559688
6.484482873
7.404767282
7.42205453
7.460731329
7.435212792
7.562615233
7.23567915
8.966729753
7.548575697
==========05
5.87499759
6.320662763
7.239019206
7.743221055
7.97668411
8.306948101
1.208349231
11.904647144
8.837161686
6.862690301
9.484541318
==========06
13.226177558
7.167186758
6.34577842
8.123601809
8.82290643
8.597204862
8.930551023
8.292721882
7.415097441
6.112367418
==========07
10.264326883
3.464608674
4.338226889
3.661275152
4.626538361
12.580443114
8.662832327
7.990904846
8.659599954
7.357299697
==========08
3.325599932
5.365371268
6.209970299
7.744712765
6.333812912
6.369614771
7.194204492
8.128545959
8.649539723
8.771212711
==========09
13.396366188
5.668589139
4.24649879
10.200098011
8.710245439
2.844008516
8.372783347
7.546951101
2.929503499
12.403969577
==========10
2.686265523
3.721053469
3.480179906
11.524440577
8.574229812
3.23451125
12.406240556
8.900563427
2.859643448
14.813866015