==========01
4.1337156
11.804372082
7.125829872
5.284840789
8.693872276
7.995159764
2.779498162
7.553700644
7.794418961
3.480102155
==========02
6.369490128
7.32760254
8.85127682
6.281398974
5.20705459
6.980871018
6.390060046
7.411974486
2.624962485
6.955257295
==========03
10.500147854
7.802286112
7.471286865
8.49679929
8.165197265
4.662798284
3.952346925
6.36831951
3.722359214
12.395724851
==========04
7.43647847
6.523070582
6.746042526
7.342204986
7.377328342
6.91101359
7.567019349
6.712311571
8.57509747
7.90180436
==========05
6.114637228
6.238012673
6.797208759
7.695584698
7.5891471
7.935630308
1.21511244
12.179576423
8.477445711
6.782149445
8.589952378
==========06
13.293132438
6.800423515
6.298190224
8.28872126
7.71600481
7.877424332
8.848927643
7.847605872
7.805358302
6.99146623
==========07
9.956420873
3.411069708
4.258076566
3.224046649
4.840333005
12.51489763
8.280427741
7.160346394
8.59627706
6.864312234
==========08
3.318058827
5.516780451
5.818925468
7.681043371
6.328159675
5.999896367
6.992094455
8.57159613
8.275898063
7.956794871
==========09
13.344962136
5.155935223
4.506848073
10.219801456
9.219844408
2.596846091
8.368459522
7.118682403
3.253307075
12.333918033
==========10
3.0618889
3.537589471
3.798731006
11.432967009
8.55672409
3.298813402
12.355825321
8.501103436
3.16660984
14.794223213