==========01
3.959136417
11.908859576
7.36770691
5.69283887
8.75876311
8.310454949
2.831033168
7.658665097
8.317832483
3.458694374
==========02
6.596110096
7.16733087
8.138833815
6.652457798
4.761524411
7.102238372
6.728379646
7.190990457
2.979940788
6.759595579
==========03
10.462282908
8.177128316
7.359140527
8.150661592
8.601385484
4.418050965
4.91476875
6.357042945
3.824889366
12.444922591
==========04
6.967746988
6.582188761
7.133794324
7.107995564
7.52234812
7.285575911
7.23966324
6.790308027
8.928200001
7.21761924
==========05
5.558667264
6.371108297
7.302861766
7.44163993
7.382893474
9.122021954
1.115504553
11.94112062
8.822945344
6.569717964
8.640086311
==========06
13.572042774
7.197461948
6.7604268
8.113271746
8.103927992
7.587570299
8.914134256
8.479600881
7.98464865
6.182641157
==========07
10.214160875
3.12582359
4.375628268
3.715687912
4.935216066
12.616968197
8.684187851
6.912216729
8.656559297
8.334729399
==========08
2.962195946
5.394725913
6.256478706
7.409827347
6.377327809
6.464004203
6.834232486
8.190155735
8.697779674
7.750180122
==========09
13.442437818
5.679819476
6.49242511
10.297907343
8.767124187
3.204945903
8.361374197
7.547050425
3.309759813
12.885202584
==========10
2.72134819
3.817443855
3.874794183
11.55023444
8.556622928
3.368258271
12.477166893
8.993918347
3.271072419
12.354757305