==========01
3.98668787
11.9073484
7.349292452
5.355021899
8.656235882
8.29825458
2.848842176
7.686562598
8.156631304
3.460770262
==========02
6.632686164
7.383918837
8.271763324
6.636518739
5.66877989
7.110044444
6.714534513
7.488843314
2.969335283
7.50352077
==========03
10.48263012
8.211286733
7.660125473
8.119420794
8.559475957
4.788246134
4.97943612
6.402842829
3.359371153
12.426247216
==========04
7.446025337
6.790804111
7.141525027
7.465882947
7.489746987
7.217113228
7.635226799
6.843480883
8.954283593
7.564354315
==========05
5.916561497
6.376930789
7.232295068
7.756409026
7.199159774
8.398348281
2.9168852
11.941069872
8.844840636
6.876174689

==========06
13.290778731
7.227767299
6.343785171
8.108792646
8.119435042
7.944344254
8.968003586
8.379790192
7.415364215
6.138341128
==========07
10.350855774
3.447641369
4.908367571
3.717244784
4.93018209
12.586650257
9.208777333
7.237740871
8.692451942
7.369540782
==========08
3.349683583
5.358191261
6.451342987
7.762133654
6.401261461
6.430740153
7.199735764
8.169938639
8.651698315
8.143336929
==========09
13.42116624
5.728221869
4.610985595
10.279660019
8.757925944
2.685092209
8.372392688
7.530726834
3.304293349
12.392103125
==========10
2.724085777
4.262105609
3.858551645
11.512403531
9.11999883
3.365822496
12.462896231
8.947207095
3.948762347
12.326325293