==========01
11.155175666
6.809705729
12.477118375
2.927469639
3.256048371
3.257518813
3.277659626
4.508365947
7.62054968
11.880897048
==========02
11.893370326
6.289175582
7.32124507
8.74357332
2.396758707
7.184154731
11.676325081
2.272036995
7.192035007
12.707371985
==========03
6.5719926
10.227334921
6.32250563
6.293876692
7.693488616
2.917988037
6.227276035
12.348168445
8.130515746
7.407906949
==========04
5.41517942
7.113444103
8.609710542
3.307941707
6.904692463
12.192833979
3.163658132
6.52082162
2.420324089
7.958777906
==========05
7.337012737
5.411319726
11.968975416
5.602620405
6.989087374
7.953125
7.631373692
7.66291108
7.5568836
6.712184615
6.761077752
==========06
5.640326799
8.255769426
2.8496546
12.433609877
3.252756265
5.416523858
11.853155273
7.797127489
12.55643298
3.632409689
==========07
5.297451633
6.724391474
2.630306998
6.55890001
7.828576343
2.732116194
7.966013945
4.653306413
6.769272267
7.485652019
12.423452392
==========08
3.54171492
5.920782555
6.844638691
2.872294187
8.303975816
7.637088045
3.353618689
8.545799716
8.551636503
2.932646276
==========09
12.749489249
6.152518387
4.876354178
7.138184953
3.250386295
6.994981238
10.88460581
7.85647278
7.295368823
8.388208608
==========10
9.933507667
7.157789204
6.902648285
8.196044036
7.48208628
7.14061473
6.5581789
7.636882818
4.62727893
7.288761199