==========01
11.462092445
6.885258305
12.910185509
2.819700678
4.482488055
4.483083894
3.824446935
4.587320648
7.664676298
12.274947885
==========02
11.883212683
6.367067499
7.576501544
8.517016699
2.482077371
7.27282855
12.18488068
2.370263229
7.265699743
2.489388776
==========03
6.88954269
10.778672188
6.7461163
6.560727574
8.169377055
3.233335722
6.231298594
13.185787912
8.238511294
7.483035256
==========04
5.91535155
6.712437823
9.182513464
3.45877566
6.880160224
12.722151968
2.786805123
6.99835491
2.472202323
8.501696924
==========05
7.353554636
5.37969335
12.518164516
5.669583045
7.159928428
8.557667036
7.669589322
7.135596882
7.603118607
6.812369339

==========06
6.149953373
7.705222011
1.891975171
13.2226144
3.997068555
5.474807641
12.467791196
7.954110871
13.172330701
3.851157592
==========07
5.816048783
6.730972272
2.755309116
6.216988396
8.424831425
2.258602495
8.69956013
3.320435586
7.322979584
7.566882951
13.168420688
==========08
13.768055453
4.113955236
6.933919626
13.207647826
8.674905771
7.719317557
2.492917824
9.316882619
9.322716974
3.59369504
==========09
13.141121726
6.110586065
4.862846329
7.841636467
3.332601512
7.60497175
11.331689627
7.3700943
7.388487848
8.29511335
==========10
10.368548755
7.218614542
7.38505553
8.149780127
7.646569025
7.35941535
7.181560726
7.718978092
4.825490498
8.103579229