==========01
11.348413501
6.818773773
12.757648575
2.817147212
4.44616475
4.451349057
3.768264602
4.596157021
7.619743462
12.241188527
==========02
11.848735155
6.29977708
7.33786356
8.600156826
1.897667132
7.171604708
12.732206658
2.238648047
7.168696561
13.16345617
==========03
6.15170188
10.676796058
6.20966577
5.887175632
8.933343419
2.915480349
6.19278817
12.840671428
8.894030565
6.981225615
==========04
4.924421325
5.843448978
9.40537938
4.332485038
6.853453336
12.763824672
2.768982619
6.705162602
1.966873529
8.392608742
==========05
7.157797382
4.926785017
13.1484577
5.612650756
6.599128673
8.443595153
7.554196274
6.505282984
7.484074528
6.677560769
6.221441164
==========06
5.964676178
6.887186979
1.696917641
12.974344952
3.214121089
5.447525682
12.362897551
8.364719953
13.34679184
3.657030877
==========07
6.247986538
6.694747614
2.693364768
5.556349298
8.332443816
2.793210983
8.671657
2.88705075
6.82187538
7.486295619
13.75255226
==========08
13.676980299
5.929629279
6.806841452
2.402643282
8.602168587
7.637550629
2.77252846
9.364274165
9.365419594
2.946628974
==========09
13.32116074
6.41383357
4.435223567
7.555905656
3.21905724
6.969669241
11.259364288
7.15883763
6.878790689
8.221006527
==========10
10.23624717
7.216832001
6.453375512
8.46454296
7.49741644
6.729468527
7.395185454
7.615842913
4.222598622
7.797788742