==01
11.28528187
2.723173307
3.214391161
8.30914
8.387922784
3.239682729
3.287175394
8.457970027
8.375441801
2.94391049
==02
5.716335971
3.499509824
8.330988264
8.546566948
3.164850275
3.308106459
5.412601272
8.418779633
3.72527056
2.614038148
==03
4.106565035
2.725830909
8.17067635
8.324265948
3.42645735
11.551660137
8.122810321
3.191034644
3.122569821
8.140121685
==04
3.854076312
7.753250987
2.99890921
3.241913497
8.146068796
8.491374195
2.933323709
3.133708181
8.75281251
8.41279598
==05
9.750212988
2.88703863
2.905998081
8.165691938
8.576571736
2.89582026
3.10956813
5.965456918
8.44557872
2.765969275
==06
3.249585458
7.879125221
3.195249675
3.23376834
8.48537786
8.572759013
6.785974391
8.600581488
8.662234373
3.98577556
==07
4.726692071
6.46351553
3.96072353
11.494240917
8.465467882
3.20090473
3.181068686
8.332303569
8.284439229
3.0629414
==08
10.754211582
8.353327331
3.4120229
3.72939304
8.27340806
8.188238532
2.375765881
2.755141897
6.488892285
8.261956628
==09
1.798115506
11.789470171
8.522972843
3.233612858
3.59553202
6.537504693
8.586562105
2.875279727
3.114274901
8.243523465
==10
9.317990029
7.799164939
2.384024373
3.55478944
8.456423045
8.592069017
3.39765766
3.175572833
8.462258641
8.576350418
