==========01
11.314362477
6.808120355
12.873512423
2.845727706
4.48664702
4.503661374
3.826523963
4.615255112
7.678826634
12.320690631
==========02
11.856224475
5.978383163
7.54197006
8.577688696
2.447933329
7.247682229
12.779590186
2.401483794
7.256057352
2.473063941
==========03
5.991774731
10.717577688
5.634253701
6.366719592
8.976573512
2.969459411
6.256020805
12.921535781
7.917866221
7.821648679
==========04
4.60364682
6.340938819
9.148279647
4.431753453
6.932524572
12.771472538
2.782350494
6.805413096
2.504192323
8.484600503
==========05
7.245830885
5.161157378
12.516075161
5.26386626
7.163043264
8.519328465
7.162255564
7.533436943
7.531958724
6.290359935
6.747589012
==========06
5.981852728
6.485522295
3.117953766
12.993426282
3.196703266
5.455049587
12.821716309
7.416273777
13.180730737
3.660865923
==========07
5.746772042
7.270145676
2.149452887
6.90474789
8.396661696
2.323613368
8.134205474
4.665011786
6.849036888
7.626289478
13.228189214
==========08
13.83118455
4.147809647
6.869644814
2.933580863
8.585169654
7.296618281
3.377099845
3.428533806
9.298749243
3.2399596
==========09
13.114773363
5.718250743
4.89841796
7.659468006
3.436610799
7.74756446
11.384088169
6.793163819
7.451655052
8.339038237
==========10
10.390490038
6.713608345
7.197842241
8.221559176
7.131610107
7.341936399
7.122967721
7.843330199
4.790552052
7.864225117