==========01
6.15673509
5.568159795
4.8226547
4.266414741
5.634260707
6.362323947
4.759756519
5.290520474
7.327435841
5.61716245
==========02
8.636553523
8.423783065
7.26993863
7.741777947
7.852191837
5.403609266
7.33146089
7.556890435
6.778447479
4.394353324
==========03
6.208584804
7.550394017
6.567001925
2.152550718
7.432675583
4.715458635
4.628819509
6.683296205
7.524533217
6.96922061
==========04
7.658494597
3.375108275
7.210125726
7.500981409
6.408232849
5.223317914
7.556689834
7.644745588
7.774795245
7.997927276
==========05
10.17554187
5.93842267
5.991954421
2.576576136
7.473243367
7.238744547
7.101153052
3.478950159
2.247268945
4.702248188
==========06
6.782308882
7.388122313
7.459163889
6.966749908
6.572272878
7.254771298
7.266370245
8.367521301
6.337485075
4.726712626
==========07
8.446496869
6.85576471
7.195278827
5.745020729
6.119250557
5.356058012
6.75297524
5.922678925
6.754915781
6.719916971
==========08
8.685503974
6.431093627
6.771607248
7.256076198
2.339184951
8.60507121
5.924425918
4.760415615
5.89435987
6.207208647
==========09
37.189960883
5.278317013
6.389931839
8.115371773
4.183155079
6.558008262
7.557353298
7.765911402
7.180417129
7.813705233
==========10
5.137618599
6.930143429
8.309826787
2.87990031
5.986352656
6.827084324
6.737186291
6.991612926
3.375356193
7.500566555