==========01
6.91912697
5.39330213
4.413561189
4.25410236
5.423395346
6.183087818
4.458547381
5.157078197
6.141252993
5.358043395
==========02
8.436136441
7.822076948
6.850168252
7.501929607
6.201655718
5.779001153
6.792244273
7.575314311
6.520121554
4.278864433
==========03
6.116499208
6.952342006
6.287943526
2.192614232
7.745488363
1.963836521
6.147995593
6.388697809
8.33605371
7.454342018
==========04
8.305492828
3.228449194
7.641946998
6.296422108
6.866526624
5.28233909
9.246096778
6.729581768
7.651974839
8.36869384
==========05
10.699192047
5.30588231
6.501735744
1.986907106
8.90794607
6.31559121
7.60980379
3.324644427
7.793829974
3.197911492
==========06
6.55229278
7.251640064
6.961127488
8.306016391
6.405415822
6.675581081
7.22644718
7.119289668
6.34784764
4.529405439
==========07
8.288923023
6.785387961
5.64366071
5.84135134
5.947203188
4.452010958
6.351224122
5.649478573
6.559234021
6.511270153
==========08
9.20134724
6.19207181
6.689900155
7.13377619
7.673193526
7.100433912
9.193194435
4.694798094
5.549854853
7.571956315
==========09
34.290168817
5.202679228
6.162727842
7.203576652
4.567720264
6.398845082
7.39185871
7.488303809
6.975705124
7.578346495
==========10
5.129031673
6.706506531
7.183257083
1.422424032
5.583389775
6.554958657
6.683188846
7.465765141
3.127365156
7.308622075