=01
2.680730228
4.372585358
2.215025236
4.824055267
2.484757429
6.590677217
6.872279293
2.891139425
2.86458596
2.666282349
=02
3.151614353
6.394495098
6.994962397
2.954027515
2.169813076
2.213652235
2.637137473
2.444128947
6.963518282
2.71300873
=03
2.661581788
2.216456838
2.293773148
6.703592989
6.365844802
7.39258051
2.673112311
2.262200883
6.496214969
2.660164094
=04
5.23734807
2.758617684
2.643010937
2.954469282
2.702545988
2.504734101
2.600542999
2.530834861
2.450075405
2.419570722
=05
4.541333189
3.49683507
2.406690028
6.88253523
3.435864506
6.337972488
6.200746353
3.155367566
2.156458772
2.796509696
=06
3.311541217
4.551797695
5.827773203
2.816631988
4.84419419
2.796690239
2.358182237
2.715653198
2.728363475
2.931885299
=07
6.615839494
2.835120983
2.840869399
2.436429147
6.753343675
3.162911041
3.151458786
3.14731784
3.226092498
6.444079624
=08
5.640675257
2.684245476
2.590497133
3.630659028
2.811426626
2.670018159
2.701559093
2.62726818
2.384504037
2.521417623
=09
7.61848117
3.399675776
2.883382742
2.65742554
2.902904188
3.341148195
3.140090953
3.91789401
3.169569158
3.148795557
=10
4.116580378
2.324835152
7.156620574
2.540884756
2.322985942
2.818651467
3.113011935
3.364168868
3.325036778
3.358815869
