==========01
5.524663168
5.490869997
4.431997621
4.263666508
5.596190137
6.344223868
4.214944962
5.250506103
7.328058644
5.587933743
==========02
8.491591189
8.220674339
6.440907482
7.662517034
7.76345868
5.917073044
7.19195266
7.454568462
6.722761661
4.317662039
==========03
5.931653927
7.6362953
5.881471349
2.404730146
7.447655455
4.16975288
6.290075339
6.625136956
8.119923903
7.550930897
==========04
8.269655316
2.59143817
7.164125397
7.210505034
7.100105405
5.123137199
8.735478686
6.903288275
7.39724566
8.46373865
==========05
9.620886954
5.808404845
6.608407382
2.174960144
7.651281801
7.172895697
7.748678238
2.65372012
7.763160412
3.948021428
==========06
5.865323776
7.378854925
7.337732831
10.102622095
6.576909817
6.84158806
7.275533721
6.246208928
6.217736691
4.565890555
==========07
7.660748137
6.65071809
8.782406426
7.228850588
5.902624276
5.348025447
8.106321094
5.799380494
6.738865386
6.627835243
==========08
8.315766108
6.209331147
6.818349221
6.531206859
7.738003696
7.936875739
9.283047361
4.815903973
5.758865167
8.625179401
==========09
26.149900368
4.689590502
6.322112587
7.98624595
4.61585362
6.518083919
7.524490466
7.682765797
6.696798359
7.574794188
==========10
4.514120418
6.883403231
7.869805745
2.49408091
5.35758942
6.741082769
6.79843867
7.521964181
2.704067611
7.43600433