==========01
5.822905788
5.457295198
4.406670542
4.173290919
5.11419248
6.318377241
4.686221051
5.200906575
7.283719974
5.526823178
==========02
8.0178481
8.287572772
7.21372786
7.607869037
7.733366076
5.938529079
6.956319876
6.782915583
7.21848877
3.684338384
==========03
5.248172589
6.890058891
6.774233543
2.301876349
6.767711708
2.746036614
6.579968479
6.660398876
5.689081488
7.827761499
==========04
8.292215422
3.286249173
8.370514896
7.18666945
7.1907567
5.112203579
6.850694575
6.924827684
7.7146027
8.46697652
==========05
8.599188862
5.838061214
6.560615746
3.440692858
7.371987428
7.212115853
7.650941509
3.736214501
7.669556673
2.58387934
==========06
6.616286316
7.876121358
7.390243492
7.670536337
7.169364845
6.82524024
7.262952586
6.66879867
5.367780368
4.536386634
==========07
9.727232139
6.94570109
7.42346967
5.957095077
8.827859412
5.294337862
6.669867162
5.783247197
5.846173087
7.128252665
==========08
7.904948389
5.506504341
6.75582889
7.241795753
9.632613779
7.90172444
6.849528103
4.823271335
4.996511366
6.204433417
==========09
54.783465738
5.2351594
6.296908789
8.112987149
4.56071514
6.518296859
6.935958249
7.665120612
7.145455006
7.548836242
==========10
4.863863676
6.883043795
8.256538519
1.602612493
5.958545131
6.811145249
6.648083353
7.520979624
3.260041575
6.818395883