==========01
6.68366836
5.563531341
4.489251289
3.739953016
5.618089446
6.397426159
4.755339762
5.316345672
7.322104403
5.611484191
==========02
8.582415593
7.877425175
6.972191852
7.727328421
6.978388238
5.985543915
6.422682133
7.525126172
6.728719445
4.330141865
==========03
6.173576526
6.971251176
6.508708376
2.406525542
8.251860703
2.734182953
5.260378293
6.127974228
8.29871713
7.63848219
==========04
8.304824724
3.273537491
7.546227849
7.184750353
7.81923242
4.499037689
9.278745044
6.906472186
7.755420045
8.84614205
==========05
10.580708105
5.860319298
6.652256139
2.543018101
9.106247924
7.244136711
7.830003226
3.489437818
2.70694623
3.423786237
==========06
7.260624161
7.291957632
7.468605939
7.792587371
5.796757224
6.817798127
7.276212739
6.98243491
6.285371575
4.667863769
==========07
9.783246868
6.1328835
7.432737027
6.994328698
8.726991919
5.360008169
6.691007851
5.133131431
6.683381561
6.860224132
==========08
7.971568748
6.437429517
6.855070513
7.285060405
1.932042529
7.985186934
8.243455229
3.992564632
5.886939822
6.314780464
==========09
24.455457641
5.155887571
6.326590514
8.171559308
4.72244217
6.35973731
7.563669274
7.747239111
7.151130601
7.749185999
==========10
5.57842257
6.951284741
8.266130782
2.9924774
6.28957348
6.83090543
6.74242579
7.521511254
3.406218264
8.30768115