==========01
6.117129678
5.485135339
4.368128697
4.75259764
5.741865771
5.759641428
4.673805251
5.147223932
7.184862456
5.467647537
==========02
8.674215867
7.758412543
6.946182874
7.581755754
7.844223927
5.872870215
6.894730824
7.490462966
5.97268081
4.273248806
==========03
6.20162777
6.312485142
6.45457032
2.346434419
7.348982474
3.826742847
6.241744152
6.691455732
6.406229367
7.582051887
==========04
8.384151928
3.271246657
7.290437628
7.25249625
7.20056473
5.571826
9.234813657
6.200116121
7.657228305
8.17191787
==========05
10.688644992
5.804365473
6.623765689
1.987089777
7.337277946
7.151173882
7.729552979
3.458811981
7.707659636
3.201819104
==========06
7.375093813
7.293391582
7.382133333
7.526504015
6.537883814
6.850570328
6.575010016
7.126482051
6.97380833
3.766300845
==========07
8.365662041
6.65689636
7.234989536
6.211425889
7.842104
5.185283477
6.584396956
5.701507367
6.621249825
5.942315172
==========08
8.684627046
6.237331304
5.954525197
7.232650027
8.423818591
8.964937
6.681922446
5.209788838
5.765241281
5.452054094
==========09
64.706633901
5.237016014
6.252628776
8.21679858
4.593344223
6.451701337
7.496782964
7.141183013
7.62139764
7.639102995
==========10
5.126120719
6.833295953
8.3231282
1.546644385
5.772574066
6.789761847
6.621658057
7.538482976
3.193960079
7.853680311