==========01
6.59573169
5.478479875
4.426059185
4.107875154
5.597846636
6.203141632
4.534145885
4.574616793
7.327111693
5.522862596
==========02
8.675289333
8.265275255
6.97589161
6.986092019
7.599152004
5.793055117
6.821918548
7.471665507
6.67137722
4.295026681
==========03
6.174525907
7.346265724
6.332195192
1.653150568
7.31288153
4.470086603
5.7276262
6.552779957
6.736233912
7.440364019
==========04
8.332376128
3.302074988
6.353886904
7.67036712
6.945914314
5.134520855
9.354980958
6.874409903
7.697214867
7.113887569
==========05
7.878558544
5.803453645
6.499498729
1.850417358
6.557252981
7.93280369
7.601880686
3.437300041
7.6786884
4.771625423
==========06
6.591337227
6.589015876
7.266783757
8.658510154
7.8529464
6.740756837
7.284519081
7.372330541
6.99969514
4.56382807
==========07
8.412086371
5.289715713
8.306362862
7.115389044
5.17450547
5.260439197
6.801277402
5.670133463
6.709612494
6.928679178
==========08
8.515557469
6.283148082
6.630487881
7.92557122
7.110789429
8.7451158
9.210963996
4.762791315
5.757348048
8.999668336
==========09
31.670959486
5.226902952
5.724188762
7.873941853
4.532097379
6.390104057
7.46299316
7.475878422
7.18512466
6.939500632
==========10
5.123827605
6.325886339
7.687875425
1.481383217
5.680672642
6.102412717
6.635468772
7.561303247
3.217183055
7.283641809