==========01
7.442725262
8.65998431
12.650768074
4.954675037
9.56802918
12.910200537
4.245528728
12.9288751
13.226333328
5.674259592
==========02
7.657258782
12.122988769
6.60341729
6.920036458
9.501207682
6.750391357
7.427034176
12.426983975
11.475645509
6.720298156
==========03
8.147203489
8.270151516
6.43106208
8.264474411
12.463718808
8.659801231
9.12439362
12.312140194
6.734900749
9.269235758
==========04
8.43015495
11.629023782
14.900442679
11.363854605
10.258677104
7.310658518
11.738130584
11.716078993
9.644888916
13.780740891
==========05
8.312464267
10.53801758
7.639501489
8.636011551
11.523305752
11.50756814
14.623562797
13.184438735
18.129117901
11.175110866

==========06
8.918847612
11.905622598
6.805112155
4.938078573
13.168332327
7.478964443
6.690698024
5.83195584
4.58543418
12.1357149
==========07
12.40077583
6.71921684
5.681314939
5.768171834
6.301532479
6.21484895
11.468542667
6.798324066
7.589818918
5.830750019
==========08
14.615879554
8.503207591
8.96440818
7.346715107
8.973932305
9.627392358
8.4210497
7.95900849
6.314990404
15.5608703
==========09
7.755913453
8.129848747
11.122034928
9.97365775
17.237469706
12.782930197
8.706324143
17.267992167
9.340976672
17.24650026

==========10
9.110274626
12.897986803
13.644854284
11.861348056
14.108252314
7.61425072
12.27524682
18.47252711
8.846458193
18.397283443