==========01
6.90096519
8.232746473
12.509167623
4.772350804
9.146745875
12.846381319
4.26390059
13.74465225
13.120757831
5.682356319
==========02
6.845202925
11.69910357
7.610194374
8.185296453
9.366789387
6.417534728
9.595988358
13.98564753
12.901988922
6.416933573
==========03
8.340514004
7.731330596
5.755859776
8.250530607
12.445514897
8.423012382
8.430446057
12.452718554
7.433400726
9.5401848
==========04
8.119018909
11.122835328
14.988135846
11.86418489
9.725922503
10.964910664
11.281493226
10.942772528
10.149762304
13.421725524
==========05
8.284582647
10.56460626
18.299050283
8.433851288
11.154726019
11.609173866
15.93478829
12.967881875
18.940245195
10.619053704

==========06
8.570298067
11.839531894
6.822016448
4.978970249
13.950669916
7.51318464
6.297497683
5.934780593
4.491026294
11.89032909
==========07
12.339247719
6.230180162
4.517301268
6.75915323
6.285615642
5.95210339
11.556665887
6.3799074
6.315004472
5.158873812
==========08
14.154207183
8.169673313
8.462831509
7.230582938
9.289804475
9.17624195
8.249226
7.88403907
6.402108225
15.799218796
==========09
8.20351957
7.640558721
10.778387807
9.688252679
17.440466563
13.874594245
8.180929785
17.880373182
8.85926155
16.770584617

==========10
9.772177785
8.337001168
13.27741246
12.1061088
13.840397109
11.801074387
11.94965088
18.637959303
13.701886406
18.259460102