==========01
7.497772674
8.542897646
12.605775409
4.446337012
9.88641442
12.839063914
4.1907337
12.924722645
13.72611303
5.456980121
==========02
6.377734076
10.23031011
6.817873802
7.781583223
10.781493828
6.430516239
9.637445156
13.95922997
13.296146383
6.661078748
==========03
7.934733955
7.647928513
5.435094348
8.229941987
12.9624826
7.840554844
8.573627529
12.300807313
6.950822105
8.598728804
==========04
8.139327701
11.354044315
14.761169342
11.897011938
9.569308835
6.582846822
11.672441173
11.69300473
10.26807332
13.41987344
==========05
8.210512212
10.524895065
18.217774475
8.565242416
11.797359194
11.551836924
14.593897943
13.512249418
16.969403473
11.29219174

==========06
8.228784283
11.819648271
6.430227297
4.941450374
13.8380757
7.441007138
6.589825451
6.38141418
4.53394197
12.426203769
==========07
11.46614169
6.759510241
3.888715143
6.147391397
6.147209096
6.155208025
11.522117201
6.453230509
7.370714418
5.320583112
==========08
14.206050753
8.14042804
9.329514105
6.77981321
9.737448835
9.878446962
7.577949451
7.803237085
5.893860614
14.993728425
==========09
8.207840866
8.142734296
10.525104587
9.641526863
17.475726248
13.249072547
8.621365944
17.882314824
9.55562443
16.431925146

==========10
9.166800429
7.746959529
13.543624941
12.448747765
13.967067517
12.409072706
11.861733887
18.142964436
8.97256506
17.999435804