Doc01
1693.847875
190.574229
982.532618
1229.94134
1137.865444
110.941354
141.29262
958.836501
1318.81095
143.423079
==========02
174.450997
116.942637
927.594576
136.805356
132.492183
911.153214
934.826098
938.226721
937.076888
1108.137495
==========03
974.685047
926.127169
954.205227
959.388502
149.332681
944.631962
990.525422
939.702294
167.71494
927.7005
==========04
988.671246
992.150258
158.517954
942.952798
149.426491
159.931537
947.533017
997.513011
181.921442
177.080806
==========05
123.201068
118.359081
171.211488
1169.631677
1348.020283
1106.306557
963.820611
984.650428
152.390801
118.491237
==========06
16.488333
989.850035
10.425455
995.857444
992.115531
1180.133021
1174.858223
140.477969
180.375286
976.916887
==========07
157.054154
1119.605896
117.916494
1146.329806
15.940574
114.325143
987.919178
1104.573804
129.983527
19.273589
==========08
153.261786
142.998017
143.100668
1132.065009
112.310313
1136.714122
113.427151
116.072714
1298.033876
130.217444
==========09
178.37349
1192.679766
176.535573
180.501482
1171.051106
141.153126
1144.516677
1206.023369
1410.202252
1190.387414
==========10
1182.885974
1283.464502
1445.437295
1196.391525
1149.991793
1134.908318
1148.247252
1120.56
1276.330333
1222.442917