==========01
889.481616
879.7481
851.93658
137.250737
848.443372
837.528242
946.880426
1105.198656
924.157351
904.617924
==========02
878.642597
972.733275
864.55861
836.168661
906.848064
844.81616
853.123624
996.694992
903.319474
998.937968
==========03
907.76357
933.632871
895.44492
124.314267
969.543639
920.286049
989.804203
924.009025
893.833832
916.177687
==========04
978.551833
930.935794
130.389071
120.898709
920.630339
1134.451684
11.191306
923.713906
914.299059
928.302999
==========05
1301.73118
1134.164857
150.388397
967.587026
920.040638
950.151186
959.584527
980.012737
950.001563
968.822149
==========06
112.293142
1117.588122
981.129743
185.495192
957.545374
191.559712
954.468297
955.890535
968.548805
136.459457
==========07
12.317853
1256.491206
983.936187
158.465101
16.599448
183.894745
984.058988
146.004171
1152.005163
985.318044
==========08
183.821185
1129.834413
193.763604
1158.411944
1114.207724
1123.358185
181.602841
157.079879
119.522888
196.567396
==========09
1328.82629
164.009307
172.228281
168.588794
138.942168
1166.632363
159.895458
1154.896372
161.295489
1243.300878
==========10
181.981268
198.625476
163.558076
1147.45904
1481.866201
1597.990998
1524.367422
1289.213129
181.694987
1141.676177