==========01
856.455881
901.156597
117.285613
861.332369
134.14013
903.909022
904.930935
846.321004
114.252435
137.067707
==========02
897.291284
979.454412
888.451099
911.827304
909.748749
883.376998
945.261579
160.687148
136.097837
873.78231
==========03
899.30363
959.608064
905.586741
884.359066
917.113464
923.326979
991.197965
920.892166
918.546419
11.066743
==========04
175.510782
1157.522063
932.111924
908.359489
921.5171
927.6562
927.684465
187.501745
945.302002
968.564782
==========05
1175.910604
962.975557
143.517073
127.998597
188.115254
989.765044
947.160071
1181.558639
116.640064
916.133879
==========06
1156.867019
997.706218
1213.541531
157.157788
120.186768
1106.642069
121.975834
997.672086
1120.316232
1106.706431
==========07
1164.842629
1212.370079
1152.529487
1105.572328
197.546304
1361.588626
17.135781
180.847255
997.376457
110.101743
==========08
127.972237
170.490537
168.656069
119.972403
159.567029
114.657488
1102.215304
116.599627
135.250079
156.853241
==========09
1204.354223
192.277228
169.494279
1139.653751
1139.491125
131.673094
158.524658
1158.034447
1136.189434
1372.958238
==========10
1357.300065
1262.230591
176.559986
175.921636
187.628997
158.303964
1258.043378
1171.883766
1183.859137
1176.977363