Doc01
494.996883
267.197056
251.310735
245.569823
267.280761
223.765689
288.267233
247.578886
265.379783
240.940362
====
Doc02
237.52462
249.66493
315.324432
245.990772
244.113696
235.635288
242.457123
262.135906
228.85958
241.100788
====
Doc03
241.538263
265.614844
336.590983
250.583109
244.522397
348.799713
231.83636
238.119741
245.389639
249.452284
====
Doc04
260.755375
240.78102
254.917368
261.688863
266.651406
293.298575
258.982063
273.389073
235.753094
244.864384
====
Doc05
276.452013
271.456253
333.34181
273.826076
229.287007
243.593881
218.281316
376.75633
271.254542
444.059807
====
Doc06
285.971111
276.485391
263.683099
254.117918
266.937748
253.547761
259.375997
267.931011
248.64113
249.462709
====
Doc07
247.696266
282.619828
266.273093
248.25325
259.31533
250.01695
237.060239
267.916718
266.565653
253.836941
====
Doc08
268.420053
273.417264
263.042896
390.454674
260.016936
271.644042
474.502183
251.207295
301.645934
351.862295
====
Doc09
288.454075
374.320159
297.824701
300.222271
373.965174
260.947825
262.803668
274.563584
343.806174
260.400106
====
Doc10
487.58561
294.558271
293.504961
522.552464
345.877843
287.109535
389.366736
346.263293
456.193364
275.378115
