Doc01
218.143233
231.395275
228.543667
252.71108
210.069598
215.76425
201.892842
234.955298
245.211191
205.795992
====
Doc02
232.369402
239.709668
241.950565
344.840129
213.38407
234.169374
244.251852
227.056787
240.43681
209.567478
====
Doc03
253.519308
248.899351
287.30651
267.155344
261.193244
314.09412
243.61846
247.153502
236.764309
211.00394
====
Doc04
263.826271
267.528636
233.591846
238.617145
268.358379
273.715701
241.863787
250.123466
240.655066
215.207939
====
Doc05
243.64457
259.373869
272.364098
241.913224
228.030849
248.463539
268.920226
260.216048
260.897583
278.258624
====
Doc06
239.71787
247.668887
309.449997
245.970238
262.102768
287.750826
258.815696
277.244005
287.689068
300.464044
====
Doc07
274.525688
276.274429
259.991917
267.57978
270.358105
257.192844
274.217217
286.629823
293.482992
304.631478
====
Doc08
316.157329
325.057731
276.295972
296.979961
306.629297
292.278526
312.418343
273.334891
281.474495
282.733342
====
Doc09
296.223803
297.255746
246.881567
412.135766
244.622504
314.89733
297.460206
288.952043
329.42525
234.790228
====
Doc10
278.405688
305.382313
293.835938
287.294625
309.331862
308.201521
292.334693
262.614331
320.02427
271.058969
