==========01
3.87183853
2.16506527
2.167457797
2.63594994
2.572415963
2.600241247
2.768551948
3.282246003
2.71974161
3.316569528
==========02
2.243291362
4.135975196
3.173468851
3.440563542
2.852252996
3.917985241
4.482064365
4.564166389
4.409961567
4.507450482
==========03
4.747602193
4.845130039
5.45457844
5.269326287
5.158378517
5.241738369
5.244385972
6.99327663
5.782154172
6.239890056
==========04
6.21369412
6.685727667
7.478633053
6.720814822
6.776588147
8.256700899
8.773088465
8.317283106
8.689787002
7.409004576
==========05
7.470562796
7.389281934
9.83721197
7.732375911
7.720128
10.600497872
8.159102708
8.87298342
11.879636108
9.488852782

==========06
2.930227328
1.965972803
2.461910387
2.259233576
2.589045303
2.718541956
2.125146614
2.928409641
2.707204799
2.979357125
==========07
2.942820898
2.521742634
3.120290598
4.62019855
4.450954851
3.965881889
4.134446169
4.567289739
5.168496033
4.603170477
==========08
5.875751415
4.779706235
5.787877341
4.881822961
7.34175278
5.315794293
5.918719316
5.826630436
5.435052574
6.528303439
==========09
6.6791852
5.696682015
6.46396862
6.998318169
8.617241551
6.56381316
7.7652305
8.183942484
7.1320233
9.5349912
==========10

8.31671667
8.220039793
10.679907233
8.688903434
8.916799503
10.826554273
8.999808614
9.32547475
9.191088483
12.113923347