==========01
7.215620938
8.591786555
12.530591995
4.786645272
9.423174082
12.949378092
3.670190583
13.136282561
13.979248597
5.562542485
==========02
7.63750884
11.747472055
6.890444553
6.865568291
9.592725275
4.720853671
9.300419816
12.886563848
12.266359576
6.46951836
==========03
7.934633861
7.258850406
5.835450267
7.806606217
12.561808839
8.193066633
8.855371757
12.174343763
7.73735492
9.22141609
==========04
8.37541307
11.697488075
15.72530248
11.750363079
9.270605703
7.159862188
12.31101937
10.69733128
7.875118122
13.527296171
==========05
12.771969405
8.150460291
18.21072124
18.502750678
12.150388022
10.760534303
14.303249199
12.375037989
19.181820915
11.130117763

==========06
8.628788593
11.757927652
6.87978338
4.205119661
13.98594683
7.145770988
8.201618645
5.154132452
4.122755888
12.448497023
==========07
11.48148294
6.598616338
4.488587032
4.164368019
4.300834861
6.190043909
11.302101874
6.289067296
6.788786642
3.448697217
==========08
13.923113334
7.742771837
8.369203419
7.269921145
9.494901657
9.288126531
8.19680342
8.617927439
6.20635968
15.13423722
==========09
7.325647709
8.112994835
11.294372071
9.44136449
17.683009873
13.838440246
8.740364368
17.115285375
9.125986806
16.81346544

==========10
9.737384214
8.402932297
13.710175939
11.715578443
14.63208505
12.197391725
11.308184295
18.18306603
13.677792219
18.409533007