==========01
7.206602073
8.612025637
12.732359627
4.601303127
9.414647232
13.13840024
4.191581663
12.224485979
13.23439344
6.159406706
==========02
7.596409935
12.41380025
6.908830673
6.977180681
9.666868363
6.463946632
7.445487481
11.28647632
12.863820389
4.173271636
==========03
7.581316709
8.231641413
6.569536092
8.278776377
12.648304952
8.136800957
9.274647819
12.205500173
7.502634054
9.254476331
==========04
7.607680097
11.622669881
14.863298019
11.427144298
9.501736509
7.451025359
11.708072854
11.52602188
10.75154672
13.429334647
==========05
8.73798808
10.570470516
18.156211171
8.341480144
11.571614347
11.62997043
14.630959909
13.34816671
18.672881786
11.141551171

==========06
8.58696515
11.869094636
6.696202689
4.931853358
14.279242804
7.517996108
6.864524224
5.649713186
4.55456689
12.27611484
==========07
11.473795861
6.784570166
4.495763105
4.699754448
4.298272536
6.304914461
11.433807557
6.661349442
7.71481524
5.615283608
==========08
14.274407196
8.534641976
8.775244135
7.324650777
5.692551219
9.76102104
7.286782097
8.432253723
6.849701318
14.870732466
==========09
7.813073521
8.118042269
11.87757486
9.878824569
17.486589015
12.942816627
8.48241521
17.104852846
9.252780369
16.586585687

==========10
9.769117265
12.982024782
8.383894343
11.700981471
14.67136575
12.317913782
12.399650072
18.33541517
13.612143181
18.498698674