713.9146 756.6984 591.1712 727.8207 721.1368 653.7626 619.6084 649.3934
697.0843 612.2208 765.7406 725.4217 636.649 667.5554 685.6153 718.7919
702.1783 676.6882 662.388 698.5278 709.4211 675.4449 676.834 602.3948
696.1782 854.8922 555.248 607.3762 719.3203 618.8716 633.7065 645.694
780.3008 663.9714 762.6718 740.5355 624.1497 735.0829 783.8649 702.4068
715.7185 709.5632 596.2157 710.3678 730.0842 646.4012 727.0943 716.2369
645.664 729.2758 737.819 591.348 709.4311 648.0838 667.7957 736.3496
634.4824 566.3633 741.6366 715.7607 679.8279 673.4341 635.1824 0.0742
651.2086 776.9555 751.9361 694.3053 680.5402 765.4616 570.3027 972.638
630.9844 692.5294 748.1463 655.4127 786.1441 741.7517 587.9179 748.0144

694.1125 552.3883 621.7494 651.7947 591.2187 593.5301 665.2799 804.1979
674.3651 670.7995 685.8492 624.1563 607.7183 765.4906 743.4988 667.2226
617.2218 584.1142 683.5388 640.8663 636.1327 837.2075 655.236 819.8822
680.0525 592.6794 645.5274 599.0111 663.3039 340.2947 544.9215 343.9731
697.4462 636.9051 672.5186 718.7975 664.4502 619.5687 701.3652 203.767
664.079 622.4185 615.3913 822.1266 588.2676 645.7018 517.5982 942.9747
768.818 502.0928 636.7242 706.6983 984.5315 542.6399 612.4897 278.7273
621.7749 614.8513 641.0869 767.709 787.437 661.0541 525.3888 366.7048
611.6249 546.0955 704.2186 786.0584 733.5684 667.5325 655.4549 321.6555
693.411 733.167 584.2312 684.7 690.6446 617.6572 599.7448 927.379